([[[[0.141052112]
 [0.109997787]
 [0.1165286]
 [0.235966429]
 [0.195551127]
 [0.0935494155]
 [0.109005205]
 [0.129864395]
 [0.120422214]
 [0.135946572]
 [0.114207208]
 [0.130244792]
 [0.127291769]
 [0.107926235]
 [0.0960114449]
 [0.125040814]
 [0.18179363]
 [0.100210249]
 [0.148578689]
 [0.191050917]
 [0.121464804]
 [0.135039866]
 [0.139349669]
 [0.112012833]
 [0.11085543]
 [0.106238499]
 [0.16033411]
 [0.102336854]
 [0.0956298411]
 [0.12883772]
 [0.10949938]
 [0.122427866]
 [0.120282404]
 [0.119522296]
 [0.158164203]
 [0.160186]
 [0.142037883]
 [0.11076238]
 [0.107083365]
 [0.210385442]
 [0.102173164]
 [0.0828659087]
 [0.126855448]
 [0.124040984]
 [0.124781519]
 [0.103095777]
 [0.0989189371]
 [0.104246825]
 [0.142323762]
 [0.131468654]
 [0.144872949]
 [0.104943521]
 [0.100567192]
 [0.115768202]
 [0.150109306]
 [0.130126879]
 [0.121316284]
 [0.134489059]
 [0.111750424]
 [0.148444027]
 [0.0952027738]
 [0.154603258]
 [0.163345799]
 [0.125714585]
 [0.131101787]
 [0.11429169]
 [0.105770133]
 [0.104753114]
 [0.104698822]
 [0.1240215]
 [0.146040365]
 [0.0995275304]
 [0.121507958]
 [0.0997813419]
 [0.124008507]
 [0.137572706]
 [0.132207647]
 [0.138085037]
 [0.0888135657]
 [0.119629107]
 [0.121026404]
 [0.204553828]
 [0.103050083]
 [0.165064737]
 [0.144055039]
 [0.130091146]
 [0.153720662]
 [0.125063673]
 [0.102114029]
 [0.14157252]
 [0.111174308]
 [0.100946933]
 [0.103599414]
 [0.118337438]
 [0.117003821]
 [0.11306183]
 [0.140252396]
 [0.112254642]
 [0.119617425]
 [0.129015788]
 [0.097245805]
 [0.11280369]
 [0.139927059]
 [0.0997261405]
 [0.0961617529]
 [0.119380884]
 [0.164805487]
 [0.12561886]
 [0.124847181]
 [0.105569266]
 [0.0978811085]
 [0.102765888]
 [0.118834943]
 [0.119258374]
 [0.102687396]
 [0.128304675]
 [0.177933201]
 [0.127862051]
 [0.098959066]
 [0.122712329]
 [0.12079642]
 [0.108138449]
 [0.146230638]
 [0.118293159]
 [0.17656368]
 [0.130127281]
 [0.142536387]
 [0.116489977]
 [0.0947769731]
 [0.16128999]
 [0.0959544405]
 [0.127172917]
 [0.119533233]
 [0.104418166]
 [0.115642048]
 [0.143776014]
 [0.140114397]
 [0.108532839]
 [0.130458772]
 [0.10869085]
 [0.11024271]
 [0.130388]
 [0.107718401]
 [0.203503191]
 [0.0932311267]
 [0.097132057]
 [0.138519987]
 [0.141306892]
 [0.120476685]
 [0.0986121818]
 [0.126906753]
 [0.122671753]
 [0.117480889]
 [0.104644492]
 [0.110990562]
 [0.1217371]
 [0.148138568]
 [0.116764814]
 [0.136288598]
 [0.132074296]
 [0.117911436]
 [0.135203585]
 [0.164280549]
 [0.13644591]
 [0.119869463]
 [0.107720882]
 [0.166343063]
 [0.136193469]
 [0.120074891]
 [0.101235956]
 [0.152907312]
 [0.103866488]
 [0.121385328]
 [0.125444904]
 [0.108204767]
 [0.109788917]
 [0.110953152]
 [0.129112229]
 [0.0943863466]
 [0.10835389]
 [0.109547384]
 [0.153016821]
 [0.147622868]
 [0.136999756]
 [0.12736477]
 [0.11895]
 [0.098280631]
 [0.12768738]
 [0.11273817]
 [0.112107687]
 [0.120167226]
 [0.142035782]
 [0.113942429]
 [0.121350668]
 [0.15194954]
 [0.120882109]
 [0.0985552]
 [0.158668861]
 [0.145250782]
 [0.183383748]
 [0.114120476]
 [0.130073428]
 [0.0961772352]
 [0.0986208171]
 [0.119193271]
 [0.120562971]
 [0.119620636]
 [0.108277313]
 [0.100757048]
 [0.114144057]
 [0.119996205]
 [0.219699159]
 [0.120809972]
 [0.261080027]
 [0.147363856]
 [0.129941985]
 [0.145326182]
 [0.120571211]
 [0.112173557]
 [0.106945589]
 [0.12642166]
 [0.133826748]
 [0.135856509]
 [0.1229982]
 [0.142945305]
 [0.154678598]
 [0.124580801]
 [0.148320213]
 [0.213259503]
 [0.099843733]
 [0.105724409]
 [0.129649356]
 [0.160561264]
 [0.0933903158]
 [0.12300884]
 [0.109562472]
 [0.113794]
 [0.13585788]
 [0.143231481]
 [0.132212132]
 [0.163608536]
 [0.0912669748]
 [0.151321024]
 [0.0963305533]
 [0.105299778]
 [0.167372629]
 [0.131887943]
 [0.104809955]
 [0.127078548]
 [0.113874204]
 [0.11484991]
 [0.121439211]
 [0.101171434]
 [0.142029449]
 [0.131056219]
 [0.103088833]
 [0.125095561]
 [0.108247735]
 [0.137694284]
 [0.116521835]
 [0.117524497]
 [0.108770065]
 [0.0897070467]
 [0.121845149]
 [0.103258193]
 [0.16492708]
 [0.112746306]
 [0.0861351788]
 [0.135218769]
 [0.122016333]
 [0.117680073]
 [0.104027092]
 [0.112581864]
 [0.1502029]
 [0.113615967]
 [0.112563193]
 [0.136595979]
 [0.104955845]
 [0.118468516]
 [0.124418832]
 [0.152411744]
 [0.137761191]
 [0.114162512]
 [0.123770654]
 [0.090443328]
 [0.119200557]
 [0.0954654962]
 [0.138537124]
 [0.141433328]
 [0.150148809]
 [0.167124182]
 [0.191995203]
 [0.155239195]
 [0.0895845816]
 [0.163691729]
 [0.106461525]
 [0.096535109]
 [0.115104258]
 [0.273709178]
 [0.101993367]
 [0.111877292]
 [0.114870988]
 [0.099784717]
 [0.1097029]
 [0.0920285806]
 [0.1084859]
 [0.122405738]
 [0.110238053]
 [0.11772494]
 [0.132365286]
 [0.107021466]
 [0.138579309]
 [0.118644476]
 [0.0970196351]
 [0.0994708538]
 [0.1195141]
 [0.138479754]
 [0.123224847]
 [0.0997181535]
 [0.118898056]
 [0.113938808]
 [0.127817512]
 [0.100571007]
 [0.115178302]
 [0.12231262]
 [0.153586388]
 [0.104620896]
 [0.100011081]
 [0.120278351]
 [0.152398676]
 [0.0929803625]
 [0.130071431]
 [0.0856454298]
 [0.109646894]
 [0.124163702]
 [0.115558766]
 [0.180106282]
 [0.132585123]
 [0.129467368]
 [0.13663207]
 [0.106102675]
 [0.142114505]
 [0.133116335]
 [0.115461729]
 [0.12585707]
 [0.132817343]
 [0.0945862606]
 [0.158101156]
 [0.132376254]
 [0.128453821]
 [0.121732481]
 [0.129327148]
 [0.135558724]
 [0.151358]
 [0.172874063]
 [0.165964171]
 [0.169643447]
 [0.100202464]
 [0.10986305]
 [0.129007876]
 [0.148249]
 [0.125304237]
 [0.171641499]
 [0.0962680653]
 [0.12566264]
 [0.0895923898]
 [0.0962012932]
 [0.11597582]
 [0.135791808]
 [0.114869826]
 [0.106082156]
 [0.0977522433]
 [0.116990507]
 [0.192373097]
 [0.129464358]
 [0.15554978]
 [0.137501091]
 [0.13387008]
 [0.13805306]
 [0.155750185]
 [0.100360461]
 [0.134393081]
 [0.127309516]
 [0.118516244]
 [0.109484881]
 [0.110216722]
 [0.124918945]
 [0.130988017]
 [0.121773928]
 [0.128769279]
 [0.0990237892]
 [0.111721955]
 [0.108783782]
 [0.107673243]
 [0.0764316618]
 [0.117038555]
 [0.129999101]
 [0.107062109]
 [0.10987585]
 [0.11738985]
 [0.0997951925]
 [0.153819188]
 [0.122279413]
 [0.146329701]
 [0.147611201]
 [0.113967188]
 [0.157285571]
 [0.127527222]
 [0.125249133]
 [0.11362806]
 [0.136070758]
 [0.136199355]
 [0.0948493183]
 [0.134356692]
 [0.0993127823]
 [0.109516792]
 [0.114588886]
 [0.137594104]
 [0.105901964]
 [0.110640891]
 [0.158746183]
 [0.116628781]
 [0.151853845]
 [0.0945897847]
 [0.16048409]
 [0.101400115]
 [0.115125313]
 [0.102175787]
 [0.122591518]
 [0.101006225]
 [0.106850892]
 [0.107533127]
 [0.107165851]
 [0.109592415]
 [0.0961592421]
 [0.113834418]
 [0.127721325]
 [0.134200215]
 [0.145118669]
 [0.107310846]
 [0.136183962]
 [0.110925205]
 [0.121078864]
 [0.140559301]
 [0.11719355]
 [0.103422433]
 [0.105994418]
 [0.136817783]
 [0.0991286114]
 [0.0999558941]
 [0.0947389677]
 [0.120617762]
 [0.12265446]
 [0.1030678]
 [0.148151785]
 [0.115594089]
 [0.117633954]
 [0.170541883]
 [0.166695595]
 [0.0960581526]
 [0.164848283]
 [0.116263904]
 [0.131274015]
 [0.143046275]
 [0.146985009]
 [0.112521283]
 [0.135260478]
 [0.109658301]
 [0.117017724]
 [0.18202354]
 [0.107925244]
 [0.128564313]
 [0.116179898]
 [0.0883095711]
 [0.147646233]
 [0.0999745578]
 [0.112936057]
 [0.117329799]
 [0.118956946]
 [0.150885731]
 [0.1571711]
 [0.12123809]
 [0.115378506]
 [0.129964441]
 [0.110655621]
 [0.119493753]
 [0.117197625]
 [0.112329543]
 [0.101126544]
 [0.114434965]
 [0.0912969559]
 [0.105169013]
 [0.119403288]
 [0.121093333]
 [0.106726758]
 [0.11355944]
 [0.118839405]
 [0.106735811]
 [0.150721058]
 [0.144759744]
 [0.157391712]
 [0.116695553]
 [0.106468566]
 [0.122844934]
 [0.105006941]
 [0.152968928]
 [0.181956679]
 [0.120742857]
 [0.173621327]
 [0.142283455]
 [0.116922684]
 [0.122556247]]], [[[-0.0526923388]
 [-0.0481753536]
 [-0.0447861329]
 [-0.0176524315]
 [-0.0197920874]
 [-0.039683111]
 [-0.0359418876]
 [-0.0517763793]
 [-0.051199425]
 [-0.0373821035]
 [-0.0536145866]
 [-0.0315374583]
 [-0.0422942117]
 [-0.0463686287]
 [-0.0461643711]
 [-0.0569208041]
 [-0.0414411277]
 [-0.040462181]
 [-0.0679064393]
 [-0.0306380391]
 [-0.0524243452]
 [-0.0558661744]
 [-0.0464059748]
 [-0.0527480841]
 [-0.0482753552]
 [-0.0444931649]
 [-0.0475534908]
 [-0.048905544]
 [-0.0348972976]
 [-0.0469338149]
 [-0.0521656051]
 [-0.0366023891]
 [-0.048562184]
 [-0.042688217]
 [-0.0434691]
 [-0.037764132]
 [-0.038848225]
 [-0.0521288589]
 [-0.0437032618]
 [-0.0490460917]
 [-0.0452016257]
 [-0.0357319154]
 [-0.0566848963]
 [-0.0500636]
 [-0.057137493]
 [-0.0457467362]
 [-0.0362125151]
 [-0.0453128]
 [-0.0399339907]
 [-0.0456145369]
 [-0.0486815646]
 [-0.0325196348]
 [-0.0401993319]
 [-0.0527288727]
 [-0.043699488]
 [-0.0377999619]
 [-0.0517535023]
 [-0.0291521065]
 [-0.0496490747]
 [-0.0463062078]
 [-0.0437351316]
 [-0.0460547581]
 [-0.0719844475]
 [-0.0417084508]
 [-0.0574309081]
 [-0.0494985953]
 [-0.0500923432]
 [-0.0492349528]
 [-0.050214678]
 [-0.0503829382]
 [-0.0631265044]
 [-0.038866356]
 [-0.0361797065]
 [-0.0418229289]
 [-0.0406592377]
 [-0.049489364]
 [-0.0557241738]
 [-0.0511607639]
 [-0.0406926349]
 [-0.0516541861]
 [-0.0512633845]
 [-0.0453630537]
 [-0.0476669781]
 [-0.0686759278]
 [-0.0360378809]
 [-0.0525311269]
 [-0.0455804244]
 [-0.0466239601]
 [-0.0456027314]
 [-0.0626384839]
 [-0.0543835461]
 [-0.0418186188]
 [-0.0443375483]
 [-0.047922574]
 [-0.0419184677]
 [-0.0476150028]
 [-0.045575276]
 [-0.0504749]
 [-0.0436587147]
 [-0.0509480946]
 [-0.0411875732]
 [-0.0344987474]
 [-0.0552073196]
 [-0.0433271416]
 [-0.0399005115]
 [-0.0431352705]
 [-0.0506145768]
 [-0.0479891784]
 [-0.0550381951]
 [-0.0517418943]
 [-0.0439540148]
 [-0.0450454727]
 [-0.0516235121]
 [-0.0467291735]
 [-0.0384744778]
 [-0.0410166346]
 [-0.0435187481]
 [-0.0502030179]
 [-0.0416777134]
 [-0.0540285483]
 [-0.0419030748]
 [-0.0429116674]
 [-0.0533048734]
 [-0.0464567244]
 [-0.0806008801]
 [-0.058880996]
 [-0.0388464257]
 [-0.0380059555]
 [-0.0427632518]
 [-0.0458442606]
 [-0.041088637]
 [-0.0577081218]
 [-0.0479937457]
 [-0.0457762182]
 [-0.0512008]
 [-0.0409138091]
 [-0.0353828818]
 [-0.0522705689]
 [-0.0510052331]
 [-0.0507778153]
 [-0.0473574921]
 [-0.0482637733]
 [-0.0389990211]
 [-0.0405659]
 [-0.0432694145]
 [-0.0409552865]
 [-0.0467800424]
 [-0.0398740843]
 [-0.0449123383]
 [-0.0418483913]
 [-0.0529735461]
 [-0.0416997224]
 [-0.0480193794]
 [-0.0489673652]
 [-0.0465207808]
 [-0.0420933217]
 [-0.0676179677]
 [-0.0415776409]
 [-0.0477760136]
 [-0.0443505235]
 [-0.0490971133]
 [-0.0496772863]
 [-0.0554792024]
 [-0.0440510288]
 [-0.0525355525]
 [-0.0485827103]
 [-0.0485799424]
 [-0.0515057854]
 [-0.0479409695]
 [-0.0457928069]
 [-0.0605264902]
 [-0.0470337719]
 [-0.0465817563]
 [-0.048939608]
 [-0.0442008786]
 [-0.0477086157]
 [-0.0487736575]
 [-0.0602267794]
 [-0.0386534482]
 [-0.050931789]
 [-0.0411735401]
 [-0.0320226885]
 [-0.0726619512]
 [-0.0463764966]
 [-0.0423114412]
 [-0.0484243482]
 [-0.0437417589]
 [-0.055991441]
 [-0.0327328071]
 [-0.0501403064]
 [-0.0534238629]
 [-0.0421785]
 [-0.0426922403]
 [-0.0503864661]
 [-0.0356295407]
 [-0.0427208766]
 [-0.0429839045]
 [-0.0563483946]
 [-0.0631725416]
 [-0.0364500917]
 [-0.0525288917]
 [-0.0336699784]
 [-0.0448092]
 [-0.0373967886]
 [-0.0560952425]
 [-0.0492807105]
 [-0.0490705296]
 [-0.049453564]
 [-0.0440470316]
 [-0.0475391]
 [-0.0481904782]
 [-0.104704529]
 [-0.0520341285]
 [-0.083254315]
 [-0.0579144321]
 [-0.0547660552]
 [-0.0631885529]
 [-0.0516594425]
 [-0.0509722345]
 [-0.0437260531]
 [-0.0592274554]
 [-0.0536856763]
 [-0.0627183]
 [-0.0489701889]
 [-0.053098578]
 [-0.0418850146]
 [-0.0526243]
 [-0.0443440154]
 [-0.037272986]
 [-0.0424256325]
 [-0.0427134857]
 [-0.053305231]
 [-0.0371243246]
 [-0.0416090824]
 [-0.0440731235]
 [-0.0500953048]
 [-0.0432114415]
 [-0.0523015112]
 [-0.0639457852]
 [-0.0402940549]
 [-0.0510722175]
 [-0.0360744521]
 [-0.0646157861]
 [-0.0440261252]
 [-0.0485358723]
 [-0.0500133932]
 [-0.04354221]
 [-0.0468531102]
 [-0.0512870885]
 [-0.0415831357]
 [-0.0367182754]
 [-0.0544648357]
 [-0.0394487828]
 [-0.0567505]
 [-0.0478697866]
 [-0.0396490656]
 [-0.0339478552]
 [-0.042075444]
 [-0.050110437]
 [-0.0498024188]
 [-0.0375091061]
 [-0.0479927622]
 [-0.0415403359]
 [-0.0434915125]
 [-0.046881523]
 [-0.0381730758]
 [-0.0495875366]
 [-0.0351303965]
 [-0.0569625944]
 [-0.0461008921]
 [-0.0399857275]
 [-0.0421671644]
 [-0.0442152321]
 [-0.041774448]
 [-0.0534157231]
 [-0.0536490567]
 [-0.0410148539]
 [-0.0386480764]
 [-0.0424057916]
 [-0.0537571907]
 [-0.0455575176]
 [-0.0511818416]
 [-0.0361651294]
 [-0.051310271]
 [-0.0386237]
 [-0.0491566099]
 [-0.0389907844]
 [-0.056758631]
 [-0.0513423644]
 [-0.0443834588]
 [-0.0401664935]
 [-0.0366144814]
 [-0.0550291426]
 [-0.0378807858]
 [-0.0431514159]
 [-0.046352]
 [-0.0391576141]
 [-0.0537707247]
 [-0.0844602585]
 [-0.0407007411]
 [-0.0449777506]
 [-0.0553185456]
 [-0.0479590893]
 [-0.0460711084]
 [-0.0369216688]
 [-0.0500602685]
 [-0.0516302474]
 [-0.0497453958]
 [-0.0452786312]
 [-0.0480115525]
 [-0.0451242626]
 [-0.0498570316]
 [-0.0473819599]
 [-0.0425242893]
 [-0.0463171899]
 [-0.0373663157]
 [-0.0481071956]
 [-0.0379927121]
 [-0.0460353419]
 [-0.0411692187]
 [-0.045787897]
 [-0.0552865788]
 [-0.0441012345]
 [-0.0497657768]
 [-0.0473816842]
 [-0.048092559]
 [-0.0473024659]
 [-0.0431289673]
 [-0.0442591459]
 [-0.0678047091]
 [-0.0421794206]
 [-0.0403917022]
 [-0.0362098105]
 [-0.0482786074]
 [-0.0452173054]
 [-0.0437566191]
 [-0.0302076433]
 [-0.0328422897]
 [-0.0515923463]
 [-0.045309037]
 [-0.0402161852]
 [-0.0483284183]
 [-0.0559170358]
 [-0.0386723503]
 [-0.0423965417]
 [-0.0504531749]
 [-0.0397663079]
 [-0.0630104542]
 [-0.0503464788]
 [-0.0589313209]
 [-0.0549832135]
 [-0.05796884]
 [-0.0468299687]
 [-0.0498149879]
 [-0.0367803685]
 [-0.0370219238]
 [-0.0609757416]
 [-0.0355387963]
 [-0.0417434]
 [-0.0445568226]
 [-0.0697392896]
 [-0.0590228923]
 [-0.0849511847]
 [-0.0435536467]
 [-0.0549696684]
 [-0.0394765176]
 [-0.0372139327]
 [-0.0495939031]
 [-0.0374977104]
 [-0.0478908643]
 [-0.04281459]
 [-0.0482493117]
 [-0.0550891347]
 [-0.0975960344]
 [-0.0574681945]
 [-0.0444962606]
 [-0.0496108867]
 [-0.0491244309]
 [-0.0597684346]
 [-0.0509012826]
 [-0.0465091914]
 [-0.0401799232]
 [-0.0546019524]
 [-0.0543936454]
 [-0.0496029966]
 [-0.037587408]
 [-0.0558597669]
 [-0.056804806]
 [-0.0527652167]
 [-0.0357247479]
 [-0.0400459878]
 [-0.049353376]
 [-0.0503266938]
 [-0.0493349]
 [-0.0341882594]
 [-0.0510587133]
 [-0.0523859933]
 [-0.0469964594]
 [-0.0440517291]
 [-0.0487692803]
 [-0.0435200781]
 [-0.0473105423]
 [-0.0490882285]
 [-0.0487503447]
 [-0.0421803892]
 [-0.0491015092]
 [-0.0533138849]
 [-0.0485303588]
 [-0.054357443]
 [-0.0420140922]
 [-0.0485019721]
 [-0.0461582169]
 [-0.0420427136]
 [-0.0575305372]
 [-0.0469955206]
 [-0.0508707315]
 [-0.0518453605]
 [-0.0486728474]
 [-0.0502859168]
 [-0.043838378]
 [-0.0471996777]
 [-0.0430950671]
 [-0.0709547251]
 [-0.0400976576]
 [-0.07202553]
 [-0.0416272506]
 [-0.0473068431]
 [-0.0427320972]
 [-0.0499889851]
 [-0.0409029089]
 [-0.0430993177]
 [-0.0464816242]
 [-0.0454898737]
 [-0.0465346687]
 [-0.0433989614]
 [-0.0471734442]
 [-0.0478844829]
 [-0.0542751774]
 [-0.0542743]
 [-0.04833664]
 [-0.0577567779]
 [-0.0414278544]
 [-0.043661952]
 [-0.0473754033]
 [-0.0465349592]
 [-0.0431287587]
 [-0.0435195677]
 [-0.0377631299]
 [-0.0444065966]
 [-0.0489534847]
 [-0.0381707884]
 [-0.0474492833]
 [-0.0485174693]
 [-0.04304941]
 [-0.0663255155]
 [-0.0527831092]
 [-0.0474495217]
 [-0.0465283208]
 [-0.0492726]
 [-0.0413010642]
 [-0.0404373296]
 [-0.049422361]
 [-0.0558612533]
 [-0.0586750358]
 [-0.038351588]
 [-0.04249385]
 [-0.0449722782]
 [-0.0507335104]
 [-0.0516194552]
 [-0.0417144485]
 [-0.0498090461]
 [-0.0435930826]
 [-0.0464539714]
 [-0.0353480726]
 [-0.0507959612]
 [-0.0444393791]
 [-0.0532342903]
 [-0.0454315]
 [-0.0523217954]
 [-0.0463941731]
 [-0.068061173]
 [-0.0371244922]
 [-0.0470428355]
 [-0.0573250689]
 [-0.0508882701]
 [-0.0457362309]
 [-0.0551525727]
 [-0.0431950614]
 [-0.0396407694]
 [-0.0526886731]
 [-0.0424939282]
 [-0.0485363752]
 [-0.0425884053]
 [-0.0452721603]
 [-0.0428621918]
 [-0.0450669564]
 [-0.0530918725]
 [-0.0424904078]
 [-0.0564809702]
 [-0.0645781755]
 [-0.062376827]
 [-0.031141188]
 [-0.0422316417]
 [-0.0513677038]
 [-0.0396526493]
 [-0.0489211045]
 [-0.0368599668]
 [-0.0415284522]
 [-0.0408093072]
 [-0.0476567112]
 [-0.0552828]
 [-0.0406778045]]], [[[-0.000251961348]
 [0.00710462593]
 [0.00927523524]
 [0.00324645429]
 [0.00194610283]
 [0.0180549771]
 [2.90242588e-05]
 [0.000611457101]
 [0.00854371861]
 [-0.00209895801]
 [0.0216259]
 [-0.00394546054]
 [-0.000139809024]
 [0.0152651854]
 [0.0156821664]
 [0.0110986698]
 [0.00834495481]
 [0.00745673431]
 [0.0372433774]
 [0.00801002048]
 [0.00840019342]
 [0.0054663]
 [0.00428627571]
 [0.0197268035]
 [0.00447631953]
 [0.00818720739]
 [0.0040336]
 [0.00718223397]
 [0.00318975188]
 [0.000581385393]
 [0.0143180015]
 [-0.00317394314]
 [0.00166155875]
 [0.00458342256]
 [-0.00817749649]
 [0.00369987078]
 [0.00199435418]
 [0.0142369606]
 [0.00492463214]
 [0.00295476918]
 [0.014987614]
 [0.0132428082]
 [0.00488734059]
 [0.00351906451]
 [0.0116331456]
 [0.00880562514]
 [0.00464209309]
 [0.013113291]
 [-0.00358649646]
 [0.00155027746]
 [0.000173483786]
 [-0.00207550544]
 [0.00428739609]
 [0.00903296843]
 [-0.00707329763]
 [0.00592120457]
 [0.00609493256]
 [-0.00297711068]
 [0.00255378848]
 [-0.00384749589]
 [0.0147289876]
 [0.00439716503]
 [0.050922662]
 [-0.000731375942]
 [0.00508780964]
 [0.0113537302]
 [0.0137724224]
 [0.00962108]
 [0.00725162914]
 [0.00844427571]
 [0.056812536]
 [0.001190954]
 [-0.00700137904]
 [0.0269965846]
 [7.25897407e-05]
 [0.00473142881]
 [0.00572523661]
 [0.00400716625]
 [0.0140367234]
 [0.00798585825]
 [0.0146972826]
 [0.00658321427]
 [0.0204566289]
 [0.0595291741]
 [0.00182027835]
 [0.000304079964]
 [-0.00321863778]
 [0.00027691276]
 [0.00678274641]
 [0.00419691065]
 [0.0150923226]
 [-0.00335447188]
 [0.0229802635]
 [0.00518039474]
 [0.000680077239]
 [0.0209614318]
 [0.00640271557]
 [0.0128382714]
 [3.57905046e-05]
 [0.00305721257]
 [0.00339894765]
 [-0.000898301601]
 [0.040619567]
 [0.018153891]
 [0.00339970342]
 [0.00286068046]
 [0.000583142042]
 [-0.00107394671]
 [0.00865080487]
 [0.0173617788]
 [0.020619845]
 [0.0040270607]
 [0.0143904639]
 [0.00824706908]
 [0.00480594765]
 [-0.00343192019]
 [-0.00774965296]
 [0.0153102186]
 [0.0127868811]
 [0.00893837586]
 [0.000508095894]
 [0.00914622471]
 [0.00269203284]
 [0.00277777365]
 [0.0113951899]
 [0.0131390551]
 [-0.00531107048]
 [0.00411827816]
 [0.0140983127]
 [-0.00142546056]
 [0.00654608151]
 [0.010216048]
 [0.00252486533]
 [0.019269485]
 [0.0096447086]
 [0.000751042506]
 [3.56189921e-05]
 [0.0176060423]
 [0.000907289679]
 [0.0103486013]
 [0.0142877102]
 [0.000563172856]
 [0.00368445902]
 [0.00380764599]
 [0.00750102382]
 [0.00868850201]
 [-0.00114122417]
 [0.00413092924]
 [0.00240808749]
 [0.00600622548]
 [0.00728526]
 [-0.000268332136]
 [0.00870036]
 [0.0261116773]
 [0.00397218904]
 [0.00496817892]
 [0.0484536067]
 [0.00220360165]
 [0.00290186889]
 [0.00723445043]
 [0.00782531593]
 [0.000498199312]
 [0.00107323413]
 [0.00189363922]
 [0.00680859247]
 [0.0107410634]
 [0.00021119327]
 [0.00255604973]
 [0.00147912232]
 [0.0113521218]
 [0.00304258824]
 [0.0177812]
 [0.00931248162]
 [0.0012098247]
 [0.0036881594]
 [0.00460695615]
 [0.0110332333]
 [0.0114660785]
 [0.0252274889]
 [0.0278987512]
 [0.0184257906]
 [-6.46755871e-05]
 [-0.0164745264]
 [0.0021168841]
 [0.000248221157]
 [0.000530091813]
 [0.00842391234]
 [0.00857130066]
 [-0.00454088673]
 [0.0201511737]
 [0.0135002974]
 [-0.00383472908]
 [0.0189636406]
 [0.0072771823]
 [0.000688950764]
 [0.00130935351]
 [0.00871281698]
 [0.0019680371]
 [0.00684683817]
 [-0.00245764875]
 [0.00944818836]
 [-0.00336966338]
 [0.0180458799]
 [0.00183539058]
 [0.015906]
 [0.00392118888]
 [0.00515448628]
 [0.00989192165]
 [0.00607491145]
 [0.00572361844]
 [0.00737300375]
 [-0.0314756744]
 [0.00734596141]
 [0.00956469215]
 [0.00735309487]
 [0.00240729749]
 [0.0355991572]
 [0.0108475806]
 [0.012229587]
 [-0.00211593229]
 [0.0100218598]
 [0.00370726525]
 [0.00536013581]
 [0.00373340305]
 [0.00389671721]
 [-0.00470834179]
 [0.0067015253]
 [0.00132137956]
 [-0.000503707444]
 [0.00518543134]
 [0.00126506528]
 [0.0460611433]
 [3.03235647e-05]
 [0.0132789779]
 [0.00624371273]
 [0.0186157934]
 [0.0102399709]
 [0.00778496638]
 [0.0372795351]
 [-0.000545845]
 [0.00194304134]
 [0.017154159]
 [0.0309511442]
 [0.0121746659]
 [0.0270980615]
 [0.00847945]
 [-0.000804132374]
 [0.0136840632]
 [0.00666375505]
 [0.00211804244]
 [-0.00259709917]
 [0.00904986449]
 [0.00818074867]
 [0.00367255509]
 [0.00589371612]
 [0.01437297]
 [-0.00247840257]
 [0.00422564]
 [0.00170076417]
 [0.0093873]
 [-0.00178562652]
 [0.0170370527]
 [0.0114242854]
 [0.00261363271]
 [0.0102496929]
 [0.000815353531]
 [0.022339521]
 [0.00452855928]
 [0.0063184523]
 [0.0139194084]
 [-2.89814179e-05]
 [0.0111673251]
 [0.00120671932]
 [-0.00297473371]
 [0.0216229707]
 [0.0182959344]
 [-0.000237025539]
 [0.00323263276]
 [0.00210176501]
 [0.0076173651]
 [-0.00181216979]
 [0.00094531849]
 [-0.00155599788]
 [0.0113325957]
 [0.00412067585]
 [0.00353582227]
 [-4.77597132e-06]
 [0.00331217819]
 [0.00160193618]
 [-0.00206326763]
 [-0.00294610322]
 [-0.0125185512]
 [-0.00174723146]
 [0.010527215]
 [-0.00748534547]
 [0.00504414085]
 [0.00810949598]
 [0.0167398]
 [0.0351636186]
 [0.00401720544]
 [0.00197124924]
 [0.0115070967]
 [0.0142051037]
 [0.00798946153]
 [0.0072574853]
 [0.0262310188]
 [0.00463644229]
 [0.00661282]
 [0.000775861612]
 [0.00704079261]
 [0.0126857134]
 [0.0303049739]
 [0.00472792424]
 [0.0201035254]
 [0.0143386154]
 [-0.00197442342]
 [0.0028930658]
 [-0.00275196577]
 [0.0104712704]
 [-0.00311279297]
 [0.00629237154]
 [0.00740246521]
 [0.00700665126]
 [0.00579711795]
 [0.00618422497]
 [0.0102410028]
 [0.00388619909]
 [0.00782531779]
 [0.00123571127]
 [0.0468083471]
 [0.00376317836]
 [-0.0040101856]
 [0.0132525517]
 [0.0116849653]
 [-0.00250044651]
 [0.00322289835]
 [-0.00510943867]
 [0.000624911627]
 [0.00319418102]
 [0.00344347348]
 [0.00434915349]
 [-0.000727669569]
 [0.00331354374]
 [0.017391]
 [0.00381999556]
 [0.000117459298]
 [0.00795083307]
 [0.0468075238]
 [0.000468169601]
 [0.00900866464]
 [0.0119395098]
 [0.00931872707]
 [0.0126796775]
 [0.00289518712]
 [-0.00469466113]
 [-0.00528117083]
 [0.0019748495]
 [0.00260747341]
 [0.0040182774]
 [0.00628874917]
 [0.0381778292]
 [0.0147134038]
 [0.0140778581]
 [-0.00104748085]
 [0.0123363324]
 [0.0100763533]
 [0.00567621039]
 [0.00815070514]
 [-0.00101906166]
 [0.00920787826]
 [0.00653245579]
 [0.0190065149]
 [0.0266977437]
 [-0.0271078497]
 [0.00663736]
 [0.0980088413]
 [0.00191491039]
 [0.00218406133]
 [0.00600745343]
 [0.000622580061]
 [0.0116231916]
 [0.00535928505]
 [0.00767719932]
 [0.00733706]
 [0.0245884173]
 [0.00435440941]
 [0.00645462284]
 [0.00767758535]
 [0.00722933421]
 [-0.00347740622]
 [0.0134930769]
 [0.0152628543]
 [0.0141229248]
 [0.00741520524]
 [0.022231264]
 [0.00815834384]
 [0.00126889604]
 [0.00536884787]
 [4.87783545e-05]
 [0.0110312859]
 [0.00617000274]
 [0.00429118052]
 [0.00927978288]
 [-0.00289290748]
 [-0.0019110468]
 [0.0157898385]
 [0.00718606543]
 [0.00304497266]
 [0.00649952423]
 [0.00190996053]
 [0.00254489901]
 [0.000194216962]
 [0.0227397531]
 [0.00520950276]
 [0.0143281007]
 [0.0162023287]
 [0.00670343358]
 [-0.000406885752]
 [0.0185243897]
 [0.00222556153]
 [-0.00432038167]
 [0.000820629299]
 [0.0439785384]
 [0.00708808424]
 [0.012408522]
 [0.0207855366]
 [0.00610820251]
 [0.00591061218]
 [0.00601106463]
 [0.03797419]
 [0.00746343797]
 [0.00750655401]
 [0.00849491451]
 [0.00501308031]
 [0.0190885328]
 [0.0033022142]
 [0.00404562242]
 [0.00719822152]
 [0.00298939436]
 [0.0111401342]
 [0.00280887843]
 [0.00343499146]
 [-0.000531497295]
 [5.08777812e-05]
 [0.00449706241]
 [0.00443734834]
 [0.00185573939]
 [-0.00393154053]
 [0.0327529721]
 [0.0205608923]
 [0.00150618632]
 [0.00324331783]
 [0.00125325]
 [0.00339565985]
 [0.0492756553]
 [0.0212931465]
 [0.00454112282]
 [0.00135677366]
 [-0.000383528182]
 [0.012055018]
 [-0.00821280759]
 [0.00426916964]
 [0.00590490364]
 [0.00297959661]
 [-0.00703544961]
 [0.00241452386]
 [0.000433271227]
 [0.0127371326]
 [0.0161451418]
 [-0.00463112583]
 [0.0105539272]
 [-0.000476696499]
 [0.00464565214]
 [0.00594191812]
 [0.00574701093]
 [0.0119644068]
 [0.0165777951]
 [0.00255064201]
 [0.00862561725]
 [0.000637094548]
 [0.0529025905]
 [0.00149520743]
 [0.000580040971]
 [0.0103462245]
 [0.0154708717]
 [0.00153516291]
 [0.0167015046]
 [0.000420251192]
 [-9.70885139e-06]
 [0.0128056407]
 [0.0123935174]
 [0.0183206536]
 [-0.000221891853]
 [0.007271701]
 [0.00468277745]
 [0.00457283389]
 [0.00673955213]
 [0.0211881772]
 [0.0025306649]
 [0.0421985053]
 [0.0647510886]
 [-0.00413356908]
 [0.0107356599]
 [0.00670530833]
 [-0.000537977088]
 [-0.00251940615]
 [-0.00650565047]
 [0.000498824113]
 [-0.00141523476]
 [-0.000789989368]
 [0.00961129274]
 [-0.00575117907]]], [[[-0.0505961552]
 [-0.0620934404]
 [-0.054779008]
 [-0.0302567389]
 [-0.0286982208]
 [-0.078887932]
 [-0.0394614227]
 [-0.056311287]
 [-0.0620823056]
 [-0.0415644608]
 [-0.0805327445]
 [-0.0292739924]
 [-0.0391229801]
 [-0.0729008391]
 [-0.0768245161]
 [-0.072518453]
 [-0.0765053332]
 [-0.0615026802]
 [-0.138983563]
 [-0.0544965975]
 [-0.0591658242]
 [-0.0599892624]
 [-0.0565788783]
 [-0.0811337456]
 [-0.0507198796]
 [-0.0570340045]
 [-0.0627894625]
 [-0.0640478134]
 [-0.0508561172]
 [-0.0424390472]
 [-0.0711915791]
 [-0.0364187]
 [-0.0471708961]
 [-0.0557657033]
 [-0.0533841178]
 [-0.0498773195]
 [-0.0343618169]
 [-0.0690557435]
 [-0.0464710966]
 [-0.0497445501]
 [-0.0750196353]
 [-0.0731628165]
 [-0.05737409]
 [-0.0449103788]
 [-0.0645285547]
 [-0.0578534417]
 [-0.0564722344]
 [-0.0682730749]
 [-0.0305247307]
 [-0.0476770289]
 [-0.0498539582]
 [-0.0429652706]
 [-0.051474113]
 [-0.0642685443]
 [-0.0360262841]
 [-0.0575632416]
 [-0.058276128]
 [-0.0284726117]
 [-0.0554080196]
 [-0.0371279828]
 [-0.0704196841]
 [-0.0575739816]
 [-0.166556582]
 [-0.0428232662]
 [-0.0667662]
 [-0.0689819381]
 [-0.075588353]
 [-0.0568183325]
 [-0.0610690825]
 [-0.0559860617]
 [-0.182716757]
 [-0.0456508771]
 [-0.0375816263]
 [-0.088692151]
 [-0.0378792621]
 [-0.0573657304]
 [-0.0607285611]
 [-0.0532066487]
 [-0.0720346943]
 [-0.0604920089]
 [-0.0710199475]
 [-0.0832756683]
 [-0.0874590278]
 [-0.186232582]
 [-0.0343923382]
 [-0.0512105562]
 [-0.0381506048]
 [-0.0437043384]
 [-0.0585754402]
 [-0.0620081797]
 [-0.0718599]
 [-0.0665517226]
 [-0.083170712]
 [-0.0548376851]
 [-0.0425385386]
 [-0.0867588595]
 [-0.0578044206]
 [-0.067318745]
 [-0.0430835858]
 [-0.0452242456]
 [-0.049732741]
 [-0.0409272946]
 [-0.144762799]
 [-0.0754135549]
 [-0.0589077957]
 [-0.0512519]
 [-0.0376966447]
 [-0.0445473492]
 [-0.0625034]
 [-0.0722003505]
 [-0.0802157223]
 [-0.0528868]
 [-0.0736598745]
 [-0.0621726885]
 [-0.0508324727]
 [-0.0407899059]
 [-0.031022381]
 [-0.0782471]
 [-0.0647705868]
 [-0.0644981414]
 [-0.044371549]
 [-0.062122833]
 [-0.0470993705]
 [-0.0464784801]
 [-0.117807619]
 [-0.0724079]
 [-0.035846211]
 [-0.0496416464]
 [-0.071747832]
 [-0.0319430269]
 [-0.0597051233]
 [-0.0648495406]
 [-0.0524427593]
 [-0.0764856637]
 [-0.06230966]
 [-0.0343209282]
 [-0.0295359846]
 [-0.0775347874]
 [-0.0445013568]
 [-0.0678521693]
 [-0.0704293549]
 [-0.0481824875]
 [-0.0510743409]
 [-0.0463791]
 [-0.0551407151]
 [-0.0605578274]
 [-0.0407415926]
 [-0.0408631116]
 [-0.046573326]
 [-0.0547161773]
 [-0.0555912219]
 [-0.0464193821]
 [-0.0513447151]
 [-0.0881203115]
 [-0.0538798459]
 [-0.0515638627]
 [-0.167635307]
 [-0.0447906293]
 [-0.0475886948]
 [-0.0651412085]
 [-0.0581797026]
 [-0.0492070876]
 [-0.0529778115]
 [-0.0380836204]
 [-0.0592317097]
 [-0.068078652]
 [-0.036947526]
 [-0.0460258387]
 [-0.0423946045]
 [-0.0633889958]
 [-0.0502508432]
 [-0.0766231418]
 [-0.0614770874]
 [-0.0528048426]
 [-0.0497688167]
 [-0.0519794784]
 [-0.0595655441]
 [-0.0656180084]
 [-0.089703463]
 [-0.0982420444]
 [-0.0789312273]
 [-0.028017275]
 [-0.120131262]
 [-0.0429815203]
 [-0.0371970385]
 [-0.0480261892]
 [-0.0555315875]
 [-0.065112181]
 [-0.0335064977]
 [-0.0821606666]
 [-0.0679938123]
 [-0.0380661637]
 [-0.0821266398]
 [-0.0571706593]
 [-0.030664837]
 [-0.0472832955]
 [-0.0653987601]
 [-0.0470986478]
 [-0.0621779636]
 [-0.0400015824]
 [-0.0579658113]
 [-0.0310123675]
 [-0.0790536776]
 [-0.0500745326]
 [-0.073137857]
 [-0.0456027798]
 [-0.0521504208]
 [-0.0636420846]
 [-0.0560976081]
 [-0.0574517362]
 [-0.0606334209]
 [-0.162326142]
 [-0.0615961924]
 [-0.315425724]
 [-0.0560164563]
 [-0.0486159883]
 [-0.146722317]
 [-0.0623276569]
 [-0.0688142776]
 [-0.0545495413]
 [-0.0691048726]
 [-0.0620713048]
 [-0.0600299276]
 [-0.0481098928]
 [-0.0433898121]
 [-0.0314871036]
 [-0.0593828969]
 [-0.0499387085]
 [-0.0573199764]
 [-0.0549051277]
 [-0.0603597909]
 [-0.149423569]
 [-0.0286642853]
 [-0.0719005167]
 [-0.0449576229]
 [-0.0800024793]
 [-0.0619986951]
 [-0.0600614585]
 [-0.136232942]
 [-0.0347836]
 [-0.0398343168]
 [-0.0753488839]
 [-0.136524737]
 [-0.0697245672]
 [-0.0882573873]
 [-0.0760290548]
 [-0.0454840809]
 [-0.0707617253]
 [-0.0598309487]
 [-0.0487751141]
 [-0.0674300417]
 [-0.0641118]
 [-0.058923129]
 [-0.0570618436]
 [-0.0477631539]
 [-0.0748065114]
 [-0.0319594368]
 [-0.0538017713]
 [-0.0427013673]
 [-0.0614966154]
 [-0.0331172422]
 [-0.0725839809]
 [-0.0652151108]
 [-0.0454202928]
 [-0.0655046776]
 [-0.0290659089]
 [-0.0897055641]
 [-0.0620942861]
 [-0.0609001555]
 [-0.0667087957]
 [-0.0381313674]
 [-0.0661487952]
 [-0.0446759611]
 [-0.0351880491]
 [-0.0840899348]
 [-0.0757976547]
 [-0.0364022218]
 [-0.0497277267]
 [-0.0585060306]
 [-0.0585101]
 [-0.0372089818]
 [-0.0452852957]
 [-0.0425866358]
 [-0.0659803227]
 [-0.0589952953]
 [-0.0559801906]
 [-0.050238438]
 [-0.0523682646]
 [-0.0435434133]
 [-0.0331731588]
 [-0.0322416201]
 [-0.0347250886]
 [-0.0437874496]
 [-0.0667921901]
 [-0.0354249254]
 [-0.0615285188]
 [-0.0576507598]
 [-0.0762659088]
 [-0.393506706]
 [-0.0617266893]
 [-0.0530787371]
 [-0.0709500611]
 [-0.0675067157]
 [-0.0635909513]
 [-0.0589529052]
 [-0.0862037838]
 [-0.0526501797]
 [-0.0555108488]
 [-0.0654223338]
 [-0.0568565764]
 [-0.0657138452]
 [-0.133449927]
 [-0.0506701693]
 [-0.0797591433]
 [-0.0718704164]
 [-0.0392556563]
 [-0.042938374]
 [-0.0344462171]
 [-0.0646435544]
 [-0.0420139357]
 [-0.0553557351]
 [-0.0481831469]
 [-0.0558365546]
 [-0.0540236235]
 [-0.051860705]
 [-0.0707964301]
 [-0.0541835055]
 [-0.0555952638]
 [-0.0442037098]
 [-0.162793353]
 [-0.0579305515]
 [-0.0552846156]
 [-0.0644165426]
 [-0.073455818]
 [-0.0445108972]
 [-0.0504862443]
 [-0.0216967352]
 [-0.0306661073]
 [-0.0511381738]
 [-0.0471991077]
 [-0.0446665399]
 [-0.0411584266]
 [-0.0512980781]
 [-0.0792286843]
 [-0.0446266644]
 [-0.0447415486]
 [-0.0602395236]
 [-0.161923751]
 [-0.0462095402]
 [-0.0656354353]
 [-0.0655850247]
 [-0.0673108101]
 [-0.0746099502]
 [-0.0360023603]
 [-0.0235319659]
 [-0.0372473858]
 [-0.0461334139]
 [-0.0447090715]
 [-0.0494779311]
 [-0.0533794127]
 [-0.144133449]
 [-0.0779655054]
 [-0.10197074]
 [-0.0693125054]
 [-0.0719685704]
 [-0.0606942847]
 [-0.05810434]
 [-0.0560908504]
 [-0.0343092084]
 [-0.0620068796]
 [-0.0504700765]
 [-0.0753884092]
 [-0.0920660421]
 [-0.187774956]
 [-0.0611012205]
 [-0.236990839]
 [-0.0446368232]
 [-0.0449085683]
 [-0.0546317659]
 [-0.0473778546]
 [-0.0686262]
 [-0.0581103899]
 [-0.0583492331]
 [-0.0677639619]
 [-0.0842952728]
 [-0.0549848787]
 [-0.0622564182]
 [-0.058408726]
 [-0.0542354807]
 [-0.0327761061]
 [-0.0672656149]
 [-0.0775616765]
 [-0.0699294955]
 [-0.0633915439]
 [-0.0837561637]
 [-0.0585065186]
 [-0.0458142199]
 [-0.0565697961]
 [-0.0439185463]
 [-0.0670909807]
 [-0.0557470173]
 [-0.0438576974]
 [-0.0610228479]
 [-0.0514924675]
 [-0.0300985146]
 [-0.0741365328]
 [-0.0878437534]
 [-0.0473750681]
 [-0.0598313697]
 [-0.0460185148]
 [-0.0410387628]
 [-0.038946446]
 [-0.0866397694]
 [-0.0561698526]
 [-0.0760670304]
 [-0.0754824355]
 [-0.0565961748]
 [-0.059539739]
 [-0.081292212]
 [-0.0550676733]
 [-0.0397521257]
 [-0.0472740643]
 [-0.156041905]
 [-0.0552062616]
 [-0.0859395]
 [-0.0791430324]
 [-0.056998156]
 [-0.0617071539]
 [-0.0563552827]
 [-0.105167665]
 [-0.0589751899]
 [-0.0627442449]
 [-0.0589430183]
 [-0.0525556095]
 [-0.0758141428]
 [-0.0492691323]
 [-0.0505508333]
 [-0.0502825938]
 [-0.0505417287]
 [-0.0573457628]
 [-0.0500555]
 [-0.0452506728]
 [-0.0451584943]
 [-0.0366164222]
 [-0.0512878075]
 [-0.0515157431]
 [-0.0560874566]
 [-0.0330575183]
 [-0.0975098833]
 [-0.078064613]
 [-0.0513916835]
 [-0.0515170097]
 [-0.0436986536]
 [-0.0595302731]
 [-0.167655259]
 [-0.0937736332]
 [-0.0458744243]
 [-0.0307070725]
 [-0.0300717726]
 [-0.0668138266]
 [-0.0343761146]
 [-0.0443693846]
 [-0.0590077303]
 [-0.0544924736]
 [-0.0325891674]
 [-0.0477610864]
 [-0.0447203778]
 [-0.06498079]
 [-0.0748758316]
 [-0.0316405855]
 [-0.0679321364]
 [-0.0421251208]
 [-0.0503272898]
 [-0.0541510023]
 [-0.0425485559]
 [-0.0657953471]
 [-0.0726955906]
 [-0.0446852781]
 [-0.0655344278]
 [-0.0364584625]
 [-0.179232031]
 [-0.0405190438]
 [-0.0439577289]
 [-0.0622906573]
 [-0.0812517703]
 [-0.0489453711]
 [-0.0734598488]
 [-0.0461421236]
 [-0.0495843142]
 [-0.0647174567]
 [-0.0717560947]
 [-0.0747891068]
 [-0.0418750346]
 [-0.0467986353]
 [-0.0503808297]
 [-0.052045919]
 [-0.0573944934]
 [-0.0817323849]
 [-0.0629206598]
 [-0.154969767]
 [-0.182694778]
 [-0.0358250178]
 [-0.0653062612]
 [-0.0515547283]
 [-0.0443143658]
 [-0.0972934738]
 [-0.0222949274]
 [-0.0511609614]
 [-0.0286766347]
 [-0.0413526818]
 [-0.0658125281]
 [-0.0433219969]]]], '///')
([[[[0.100584567]
 [0.112677902]
 [0.161955]
 [0.120336294]
 [0.141048416]
 [0.242616639]
 [0.112352468]
 [0.132630646]
 [0.10678456]
 [0.0975369439]
 [0.108288936]
 [0.148236662]
 [0.12354783]
 [0.122816801]
 [0.129150212]
 [0.0991531387]
 [0.115990438]
 [0.139445737]
 [0.105903827]
 [0.133303151]
 [0.102479078]
 [0.116890155]
 [0.158006221]
 [0.116051823]
 [0.103458688]
 [0.11941424]
 [0.192505747]
 [0.130298421]
 [0.1029118]
 [0.178182989]
 [0.121903442]
 [0.0863343328]
 [0.0920843631]
 [0.101952814]
 [0.105182022]
 [0.129167378]
 [0.142958462]
 [0.120563373]
 [0.136554331]
 [0.0979885608]
 [0.137019336]
 [0.131408572]
 [0.117220171]
 [0.0918486565]
 [0.163381562]
 [0.110307544]
 [0.1449624]
 [0.123054273]
 [0.112669297]
 [0.122039862]
 [0.115886256]
 [0.120616645]
 [0.131979182]
 [0.120057434]
 [0.163866386]
 [0.113901861]
 [0.126197726]
 [0.10907957]
 [0.120521411]
 [0.136199534]
 [0.0883602127]
 [0.0981039405]
 [0.118257493]
 [0.090265885]
 [0.104838617]
 [0.11254593]
 [0.12076506]
 [0.132265419]
 [0.13397707]
 [0.117526859]
 [0.109046914]
 [0.0963101462]
 [0.117618419]
 [0.113610402]
 [0.127819926]
 [0.134375185]
 [0.09878584]
 [0.122223854]
 [0.130716115]
 [0.193966061]
 [0.110839956]
 [0.104720443]
 [0.162807]
 [0.106051534]
 [0.115309566]
 [0.125487506]
 [0.114935428]
 [0.108389176]
 [0.108701952]
 [0.131786555]
 [0.139609247]
 [0.113193586]
 [0.107533723]
 [0.159416467]
 [0.130849928]
 [0.137229159]
 [0.0994785503]
 [0.104130059]
 [0.109850079]
 [0.0817708373]
 [0.146953061]
 [0.0998838]
 [0.141363025]
 [0.120244227]
 [0.146294773]
 [0.131243974]
 [0.117244743]
 [0.128019318]
 [0.14485471]
 [0.139688402]
 [0.119392164]
 [0.115357734]
 [0.131051674]
 [0.142738044]
 [0.172180399]
 [0.117991008]
 [0.154247433]
 [0.117293209]
 [0.135411799]
 [0.118753783]
 [0.124718212]
 [0.143595919]
 [0.0848576128]
 [0.110716946]
 [0.137813181]
 [0.104255408]
 [0.161378637]
 [0.0963436067]
 [0.118860319]
 [0.11821615]
 [0.119340286]
 [0.100326449]
 [0.116311856]
 [0.165289268]
 [0.148263201]
 [0.129761249]
 [0.133975163]
 [0.133309022]
 [0.143771291]
 [0.148589969]
 [0.149571747]
 [0.147427276]
 [0.102514707]
 [0.15570043]
 [0.140261903]
 [0.113591254]
 [0.117964096]
 [0.131768212]
 [0.126651525]
 [0.0999210551]
 [0.108857632]
 [0.145802855]
 [0.105911568]
 [0.194769785]
 [0.155871123]
 [0.135464]
 [0.160012513]
 [0.127618492]
 [0.111986548]
 [0.114601381]
 [0.130160823]
 [0.119243205]
 [0.12468458]
 [0.105957404]
 [0.0949093252]
 [0.128754959]
 [0.15770936]
 [0.123941153]
 [0.140497535]
 [0.112024881]
 [0.115439661]
 [0.121081449]
 [0.17007339]
 [0.114443213]
 [0.15193361]
 [0.133024961]
 [0.107170194]
 [0.134529799]
 [0.105148032]
 [0.149817303]
 [0.0925839]
 [0.122364037]
 [0.144735336]
 [0.118836977]
 [0.110150382]
 [0.0988176093]
 [0.15574564]
 [0.114422828]
 [0.111045972]
 [0.155210167]
 [0.130506426]
 [0.120424896]
 [0.12700443]
 [0.0970979109]
 [0.115053788]
 [0.10986086]
 [0.118178174]
 [0.136289313]
 [0.150009722]
 [0.134016976]
 [0.117994815]
 [0.11670357]
 [0.103933379]
 [0.171037197]
 [0.106666945]
 [0.182855412]
 [0.132056]
 [0.0937114507]
 [0.157822281]
 [0.149225026]
 [0.14294599]
 [0.110472009]
 [0.119837396]
 [0.116929166]
 [0.106113441]
 [0.0948389843]
 [0.134742782]
 [0.135599673]
 [0.131177217]
 [0.134775251]
 [0.124427006]
 [0.126779675]
 [0.0973240286]
 [0.105829962]
 [0.144873]
 [0.176004663]
 [0.106040411]
 [0.116445601]
 [0.104833201]
 [0.128386319]
 [0.128954738]
 [0.142762035]
 [0.123443387]
 [0.14445354]
 [0.0992649496]
 [0.147019058]
 [0.100052573]
 [0.137196615]
 [0.134335116]
 [0.0916651562]
 [0.103612863]
 [0.14890641]
 [0.10894905]
 [0.109306805]
 [0.110776097]
 [0.0907706618]
 [0.0851556808]
 [0.113533944]
 [0.153543204]
 [0.158407]
 [0.135588318]
 [0.142061338]
 [0.1226428]
 [0.14993374]
 [0.0881491452]
 [0.13789472]
 [0.0894639045]
 [0.155305505]
 [0.125029638]
 [0.143078029]
 [0.0990703553]
 [0.0905111283]
 [0.112262212]
 [0.125610307]
 [0.116452038]
 [0.104359433]
 [0.115307957]
 [0.09805803]
 [0.136369959]
 [0.0923175216]
 [0.18319039]
 [0.126695573]
 [0.143261105]
 [0.118774012]
 [0.0894018933]
 [0.129752412]
 [0.106272295]
 [0.0946519449]
 [0.117548697]
 [0.108050548]
 [0.093863219]
 [0.129877895]
 [0.198245615]
 [0.113160782]
 [0.11510478]
 [0.110358275]
 [0.138736874]
 [0.155342638]
 [0.122683525]
 [0.138052732]
 [0.16531159]
 [0.114634573]
 [0.134327233]
 [0.0889221951]
 [0.137561187]
 [0.104147375]
 [0.146149144]
 [0.121827357]
 [0.117461964]
 [0.147672668]
 [0.124411337]
 [0.103416041]
 [0.0896345899]
 [0.108173415]
 [0.130805403]
 [0.109205656]
 [0.135160744]
 [0.114154622]
 [0.172300756]
 [0.107127391]
 [0.107612282]
 [0.0872333422]
 [0.126060918]
 [0.09415178]
 [0.0928865373]
 [0.117827244]
 [0.129664]
 [0.0851220712]
 [0.140908018]
 [0.153980345]
 [0.143379465]
 [0.162657604]
 [0.110971525]
 [0.115169868]
 [0.172579765]
 [0.103985332]
 [0.1336357]
 [0.167262331]
 [0.12209101]
 [0.104649112]
 [0.0925713256]
 [0.156766325]
 [0.155168325]
 [0.0884844139]
 [0.144973055]
 [0.098450385]
 [0.124364682]
 [0.138624176]
 [0.118938312]
 [0.126017228]
 [0.107637927]
 [0.105838239]
 [0.171149865]
 [0.161320597]
 [0.118749961]
 [0.132017344]
 [0.114844278]
 [0.103715904]
 [0.121596918]
 [0.098345086]
 [0.175762981]
 [0.13404268]
 [0.115720309]
 [0.102984235]
 [0.114484638]
 [0.125758126]
 [0.115628697]
 [0.118682005]
 [0.107798956]
 [0.135702595]
 [0.10786625]
 [0.104302429]
 [0.117093362]
 [0.136008427]
 [0.140971795]
 [0.103316076]
 [0.15972735]
 [0.147071332]
 [0.113012463]
 [0.109829687]
 [0.137527958]
 [0.0988861844]
 [0.132566988]
 [0.107542343]
 [0.102937981]
 [0.0990870595]
 [0.127076581]
 [0.177238941]
 [0.117035635]
 [0.125770897]
 [0.0876145735]
 [0.117546976]
 [0.148963735]
 [0.107210912]
 [0.121941596]
 [0.151658103]
 [0.116619617]
 [0.1502949]
 [0.108163193]
 [0.108918637]
 [0.105325721]
 [0.126127541]
 [0.114784591]
 [0.155041471]
 [0.118899927]
 [0.117766209]
 [0.101513803]
 [0.128695339]
 [0.0926175788]
 [0.139547646]
 [0.127966329]
 [0.131646723]
 [0.12478175]
 [0.124889128]
 [0.135744721]
 [0.142823026]
 [0.134022519]
 [0.157413691]
 [0.140345663]
 [0.14416033]
 [0.122530811]
 [0.117184661]
 [0.101667136]
 [0.125942633]
 [0.0988947302]
 [0.113281213]
 [0.125359312]
 [0.137513906]
 [0.0977087244]
 [0.142631114]
 [0.127040058]
 [0.169207513]
 [0.112550259]
 [0.134543061]
 [0.106319368]
 [0.127517894]
 [0.121187799]
 [0.126318544]
 [0.119921714]
 [0.131263301]
 [0.159451306]
 [0.136625782]
 [0.102665655]
 [0.146717608]
 [0.109413907]
 [0.114977933]
 [0.13895303]
 [0.175339848]
 [0.107495338]
 [0.117604911]
 [0.162248671]
 [0.123046547]
 [0.143605977]
 [0.0920262337]
 [0.114672005]
 [0.152950436]
 [0.125792965]
 [0.217538908]
 [0.151286617]
 [0.133903757]
 [0.111458033]
 [0.107121229]
 [0.123279907]
 [0.0975182]
 [0.131002367]
 [0.108597472]
 [0.132174626]
 [0.132344037]
 [0.136412203]
 [0.128666803]
 [0.116068423]
 [0.185983509]
 [0.132511526]
 [0.107847147]
 [0.135347396]
 [0.132619292]
 [0.164335787]
 [0.122359306]
 [0.10929472]
 [0.12497814]
 [0.1111876]
 [0.106777675]
 [0.105850793]
 [0.15238972]
 [0.10999389]
 [0.11583893]
 [0.103291929]
 [0.102506392]
 [0.154740527]
 [0.108852975]
 [0.124211714]
 [0.180419043]
 [0.104302846]
 [0.113265477]
 [0.100174114]
 [0.105061457]
 [0.103156328]
 [0.107542478]
 [0.124431327]
 [0.0928170905]
 [0.123305075]
 [0.120167062]
 [0.15825747]
 [0.14006038]
 [0.115693495]
 [0.104498327]
 [0.137197837]
 [0.114949472]
 [0.110908337]
 [0.11337883]
 [0.148711234]
 [0.119156875]
 [0.130561531]
 [0.109557934]
 [0.175919756]
 [0.136046141]
 [0.123029]
 [0.126000658]
 [0.129834235]
 [0.134171]
 [0.111942589]
 [0.127742842]]], [[[-0.043840114]
 [-0.0467015654]
 [-0.0375376903]
 [-0.0510071851]
 [-0.0623801425]
 [-0.0522311106]
 [-0.0519351587]
 [-0.043239288]
 [-0.0413490571]
 [-0.0434132442]
 [-0.0450156406]
 [-0.0486434922]
 [-0.042176608]
 [-0.0436169244]
 [-0.0433865562]
 [-0.0411047079]
 [-0.0499129295]
 [-0.0409098]
 [-0.0494539924]
 [-0.045524992]
 [-0.0464741886]
 [-0.0533551611]
 [-0.0679485053]
 [-0.0477919579]
 [-0.0483182371]
 [-0.0388272256]
 [-0.037564721]
 [-0.049988661]
 [-0.0453358553]
 [-0.110043965]
 [-0.0413949]
 [-0.0364257619]
 [-0.0390669405]
 [-0.0445513725]
 [-0.0450877957]
 [-0.0557740107]
 [-0.0624401]
 [-0.0529802553]
 [-0.0468639582]
 [-0.0412277505]
 [-0.0448079072]
 [-0.0463181511]
 [-0.0416449979]
 [-0.0373294652]
 [-0.0603173971]
 [-0.0517600626]
 [-0.068290554]
 [-0.0564944372]
 [-0.0484698191]
 [-0.0553274]
 [-0.0424358]
 [-0.0566933714]
 [-0.0610392652]
 [-0.051002413]
 [-0.088830851]
 [-0.0468639433]
 [-0.0435840711]
 [-0.04176623]
 [-0.0488231741]
 [-0.0494608395]
 [-0.0373667367]
 [-0.0466144085]
 [-0.0482638739]
 [-0.0429415852]
 [-0.039399676]
 [-0.0513545126]
 [-0.0539482459]
 [-0.0548287295]
 [-0.0540511757]
 [-0.0477854349]
 [-0.0424065404]
 [-0.0417372026]
 [-0.0513006747]
 [-0.0537788905]
 [-0.059720736]
 [-0.0548412502]
 [-0.0432062708]
 [-0.0450763516]
 [-0.0481098741]
 [-0.0413744226]
 [-0.0364608243]
 [-0.0445349663]
 [-0.0495511331]
 [-0.0440672934]
 [-0.046598278]
 [-0.0445441455]
 [-0.0546360761]
 [-0.0512079038]
 [-0.0411272533]
 [-0.0594625585]
 [-0.0468725]
 [-0.043151]
 [-0.0489134677]
 [-0.0589241]
 [-0.0457791723]
 [-0.0273254197]
 [-0.0465480536]
 [-0.0396531262]
 [-0.0394377336]
 [-0.0355411544]
 [-0.0475232229]
 [-0.0467341691]
 [-0.0579899587]
 [-0.0540080443]
 [-0.0334327742]
 [-0.0488790572]
 [-0.0532356389]
 [-0.0418881625]
 [-0.053034097]
 [-0.0527427867]
 [-0.0527922884]
 [-0.0466160104]
 [-0.0504638702]
 [-0.0486532897]
 [-0.0532360263]
 [-0.0494875051]
 [-0.0395014249]
 [-0.0521477498]
 [-0.0599619113]
 [-0.0393712558]
 [-0.0417655483]
 [-0.0487306304]
 [-0.0364860855]
 [-0.0505687147]
 [-0.0559345335]
 [-0.0497462265]
 [-0.0582254231]
 [-0.038895417]
 [-0.0499437414]
 [-0.0496395677]
 [-0.0548506156]
 [-0.0424441732]
 [-0.0523302257]
 [-0.0676602]
 [-0.0498615168]
 [-0.0596791357]
 [-0.0615376197]
 [-0.0541543774]
 [-0.054658927]
 [-0.0564971715]
 [-0.0714074224]
 [-0.0387332141]
 [-0.0440875813]
 [-0.0344031826]
 [-0.0577011481]
 [-0.0545215569]
 [-0.0447099395]
 [-0.0564772226]
 [-0.0407581814]
 [-0.0456919372]
 [-0.0393348485]
 [-0.0632847771]
 [-0.0495147929]
 [-0.0381115563]
 [-0.0286130402]
 [-0.05047445]
 [-0.0352413096]
 [-0.0379536636]
 [-0.0459591113]
 [-0.0528736822]
 [-0.0409720577]
 [-0.0468146689]
 [-0.0492717735]
 [-0.035560403]
 [-0.0371092334]
 [-0.051852446]
 [-0.0762346387]
 [-0.0523892492]
 [-0.0503215976]
 [-0.0473444574]
 [-0.0557390824]
 [-0.0521555617]
 [-0.0425725318]
 [-0.05140277]
 [-0.038114842]
 [-0.046302665]
 [-0.0464775115]
 [-0.0559958555]
 [-0.0492583364]
 [-0.0367138945]
 [-0.0388801135]
 [-0.0563001633]
 [-0.0609827228]
 [-0.0458094]
 [-0.0518180281]
 [-0.0416137315]
 [-0.0629547238]
 [-0.0498984829]
 [-0.0438291728]
 [-0.0589091107]
 [-0.0434350967]
 [-0.0568327382]
 [-0.0315040238]
 [-0.0379459709]
 [-0.0485428348]
 [-0.0495146364]
 [-0.0454399474]
 [-0.0425928]
 [-0.0631186739]
 [-0.0558699407]
 [-0.0523704179]
 [-0.0423066616]
 [-0.0479330197]
 [-0.0419831835]
 [-0.0464384332]
 [-0.0462019555]
 [-0.0439547151]
 [-0.0392007]
 [-0.0368470177]
 [-0.0517842583]
 [-0.0499883741]
 [-0.0511540174]
 [-0.0547988228]
 [-0.0444671959]
 [-0.0463596769]
 [-0.0428410321]
 [-0.0539499857]
 [-0.0440436564]
 [-0.0530312918]
 [-0.0479941741]
 [-0.0456771664]
 [-0.0468553193]
 [-0.0442243852]
 [-0.0497041233]
 [-0.0433329046]
 [-0.0414407477]
 [-0.0456802547]
 [-0.0415140577]
 [-0.0493374355]
 [-0.0441786]
 [-0.0562485829]
 [-0.0379637033]
 [-0.0532871149]
 [-0.068476893]
 [-0.0410975]
 [-0.0504609868]
 [-0.0421941578]
 [-0.057203196]
 [-0.0522002317]
 [-0.0401005]
 [-0.0497282296]
 [-0.0427928828]
 [-0.0524136275]
 [-0.0426051579]
 [-0.0502470769]
 [-0.039451316]
 [-0.0394835509]
 [-0.0459454916]
 [-0.0471392162]
 [-0.0552875027]
 [-0.0579876155]
 [-0.0466395095]
 [-0.0498759076]
 [-0.0542700626]
 [-0.0347418562]
 [-0.0598902516]
 [-0.0405519344]
 [-0.0412150845]
 [-0.057531029]
 [-0.0476690084]
 [-0.03893172]
 [-0.0401304439]
 [-0.038658753]
 [-0.0495466031]
 [-0.0415872112]
 [-0.0491501726]
 [-0.0402559377]
 [-0.0379078686]
 [-0.0547478944]
 [-0.0368457511]
 [-0.040607024]
 [-0.0416349359]
 [-0.0611051]
 [-0.0558822304]
 [-0.0389722884]
 [-0.0413056649]
 [-0.0447917432]
 [-0.0432464331]
 [-0.0486942194]
 [-0.0462807231]
 [-0.0390612073]
 [-0.0523319207]
 [-0.0483549461]
 [-0.0413759649]
 [-0.0462123379]
 [-0.0488209352]
 [-0.0308794025]
 [-0.0610669143]
 [-0.0410593636]
 [-0.0503882393]
 [-0.0529539585]
 [-0.0521126762]
 [-0.0464384556]
 [-0.0386574753]
 [-0.0350208804]
 [-0.0455096]
 [-0.0383138657]
 [-0.0394214503]
 [-0.0495649278]
 [-0.0471498854]
 [-0.0503937341]
 [-0.0456054248]
 [-0.0377196744]
 [-0.039798528]
 [-0.0587858595]
 [-0.0419210419]
 [-0.0674705058]
 [-0.0453744754]
 [-0.0617269911]
 [-0.0515189916]
 [-0.0443954952]
 [-0.0386305042]
 [-0.0426774211]
 [-0.0392808467]
 [-0.0417204]
 [-0.038732551]
 [-0.0445341952]
 [-0.036743775]
 [-0.0572577678]
 [-0.0426766202]
 [-0.0438475646]
 [-0.0433531888]
 [-0.0500578508]
 [-0.0443104282]
 [-0.0455630571]
 [-0.038884297]
 [-0.0471335687]
 [-0.0330847]
 [-0.0348574631]
 [-0.0453655049]
 [-0.0378009118]
 [-0.0673442259]
 [-0.050739]
 [-0.036633011]
 [-0.0508169942]
 [-0.0435031429]
 [-0.048612684]
 [-0.0532752424]
 [-0.0488634929]
 [-0.0350239947]
 [-0.0505315587]
 [-0.0449748859]
 [-0.0462449677]
 [-0.0476591289]
 [-0.0455232337]
 [-0.0528171174]
 [-0.0398297496]
 [-0.0454657078]
 [-0.044015903]
 [-0.0438305773]
 [-0.0404176489]
 [-0.0337422974]
 [-0.0379355177]
 [-0.0462736934]
 [-0.0473428257]
 [-0.0562702082]
 [-0.0435973927]
 [-0.0472830981]
 [-0.0520482734]
 [-0.0515647121]
 [-0.0461623222]
 [-0.0458022393]
 [-0.0393909961]
 [-0.052003704]
 [-0.0597752668]
 [-0.0403434262]
 [-0.0690428466]
 [-0.0607798472]
 [-0.0533969514]
 [-0.0436994]
 [-0.0595649146]
 [-0.043492686]
 [-0.0531377904]
 [-0.0399767235]
 [-0.0493943505]
 [-0.0453265719]
 [-0.0445472]
 [-0.0504247062]
 [-0.0439526886]
 [-0.0436188616]
 [-0.0370948687]
 [-0.0523658097]
 [-0.05392427]
 [-0.0473731793]
 [-0.0523369685]
 [-0.0520262904]
 [-0.0505703054]
 [-0.0602116771]
 [-0.0443172567]
 [-0.0487865917]
 [-0.0458739102]
 [-0.0490655676]
 [-0.0511800945]
 [-0.0448016413]
 [-0.0418452471]
 [-0.0446045063]
 [-0.0441874638]
 [-0.0617301576]
 [-0.0412706807]
 [-0.0519403443]
 [-0.045874171]
 [-0.0494552329]
 [-0.0516220555]
 [-0.0563068688]
 [-0.045805987]
 [-0.0675463378]
 [-0.042419482]
 [-0.0621642768]
 [-0.0496134385]
 [-0.0582603067]
 [-0.0507483296]
 [-0.0476366431]
 [-0.0426371954]
 [-0.0516627915]
 [-0.0424382798]
 [-0.0502009876]
 [-0.0428150371]
 [-0.0468711294]
 [-0.0438097902]
 [-0.0477151871]
 [-0.0522114262]
 [-0.0433560275]
 [-0.0460482]
 [-0.0412489884]
 [-0.0478904434]
 [-0.0465456098]
 [-0.0547441356]
 [-0.0610727593]
 [-0.0507482737]
 [-0.0480084941]
 [-0.0405581295]
 [-0.0465810969]
 [-0.0445691869]
 [-0.0561380088]
 [-0.0458578169]
 [-0.050615754]
 [-0.0493331]
 [-0.0376664512]
 [-0.042733334]
 [-0.0395354591]
 [-0.0522477776]
 [-0.0450290293]
 [-0.0611370467]
 [-0.0370135084]
 [-0.0440492146]
 [-0.0425336547]
 [-0.0257718842]
 [-0.0465651564]
 [-0.0487578958]
 [-0.0533937924]
 [-0.0490182415]
 [-0.0505055897]
 [-0.0513547957]
 [-0.0458146147]
 [-0.0523858555]
 [-0.0495419502]
 [-0.0609821603]
 [-0.0483488366]
 [-0.0415348485]
 [-0.0489076525]
 [-0.0461829]
 [-0.0521883816]
 [-0.0449051745]
 [-0.0437581353]
 [-0.0556225963]
 [-0.0529210679]
 [-0.0549746752]
 [-0.0449607559]
 [-0.0443197712]
 [-0.0499234237]
 [-0.0391175188]
 [-0.0358243287]
 [-0.047133483]
 [-0.0524507]
 [-0.0361209586]
 [-0.047974173]
 [-0.046064157]
 [-0.0391660109]
 [-0.0386945233]
 [-0.0451048464]
 [-0.0566952042]
 [-0.0431313515]
 [-0.0496211424]
 [-0.0450757034]
 [-0.0455141068]
 [-0.0500051118]
 [-0.0408144742]
 [-0.0458479598]
 [-0.0514406934]
 [-0.041556064]
 [-0.0469958968]
 [-0.0485992059]
 [-0.0497920178]
 [-0.0523670763]
 [-0.0473300703]
 [-0.0482611172]
 [-0.0644742474]
 [-0.0514619835]
 [-0.0474610887]
 [-0.0510368161]
 [-0.0462003499]
 [-0.0445552021]
 [-0.0541978553]
 [-0.0458635762]
 [-0.0546333976]
 [-0.0335626826]
 [-0.0527095161]
 [-0.0556833372]
 [-0.0472733788]
 [-0.0412542596]
 [-0.049333211]
 [-0.0434102342]]], [[[0.00951610133]
 [0.0170573592]
 [-0.00192802085]
 [0.00699185953]
 [0.0476944149]
 [0.0249143895]
 [0.0136893559]
 [-0.000869811163]
 [0.00169153244]
 [0.00686731143]
 [0.00860946253]
 [-0.00323738181]
 [-0.00682269176]
 [0.00777861476]
 [-0.0049399836]
 [0.0148740057]
 [0.00313189975]
 [-0.00105327566]
 [0.0135533884]
 [0.000553339545]
 [0.0138910552]
 [0.0229908135]
 [0.0498242564]
 [0.00425159046]
 [0.0205035303]
 [0.000879152736]
 [-0.00221104035]
 [0.00215460593]
 [0.0225547794]
 [-0.0155686922]
 [-0.00534778]
 [0.0129254935]
 [0.0239427611]
 [0.00928922277]
 [0.0147929452]
 [0.00832733326]
 [0.00182303938]
 [0.0115398457]
 [0.000426389859]
 [0.0195274614]
 [-0.00286718132]
 [0.00378624653]
 [-0.00182711764]
 [0.00995557196]
 [0.00138232496]
 [0.0188321583]
 [-0.0108106248]
 [0.0122311823]
 [0.0075391857]
 [0.0102045015]
 [-0.000448050792]
 [0.0179983601]
 [0.00757703418]
 [0.00402198592]
 [0.0328134783]
 [0.0122613478]
 [0.00266999518]
 [0.000850950601]
 [0.00394052546]
 [0.00566926599]
 [0.0170581732]
 [0.0101131834]
 [0.00407621311]
 [0.0164860319]
 [0.0161974244]
 [0.00796511769]
 [0.0126109626]
 [0.00571197132]
 [0.00306471973]
 [0.00368757942]
 [0.00101500819]
 [0.0110633466]
 [0.00885600131]
 [0.0132658938]
 [0.0130365239]
 [0.0420289598]
 [0.0138995387]
 [0.009188205]
 [0.00550337974]
 [0.0187938809]
 [-0.00426989188]
 [0.00771960383]
 [0.085046269]
 [0.0177438948]
 [0.00680268183]
 [0.00423886348]
 [0.0103641292]
 [0.0115920417]
 [0.0016150662]
 [0.00906440523]
 [0.00635868264]
 [0.00392722152]
 [0.0237975046]
 [0.00374714215]
 [0.000474582019]
 [-0.00301886466]
 [0.0259523392]
 [0.00922599901]
 [0.00258414331]
 [0.0228230096]
 [-0.00629307143]
 [0.0237850435]
 [0.00326590426]
 [0.0157719608]
 [-0.00091882766]
 [0.00271478179]
 [0.00953398272]
 [-0.000711419852]
 [0.00286950287]
 [0.00556225842]
 [0.00936821476]
 [0.00444557238]
 [0.00581059232]
 [-0.000116277042]
 [0.0076138163]
 [0.0147304675]
 [0.00239026849]
 [0.00765084848]
 [0.032283552]
 [-0.00321707805]
 [0.0047147884]
 [0.00712672668]
 [0.0125849731]
 [0.0132796085]
 [0.00259194453]
 [0.0148924775]
 [-0.00836993288]
 [0.00494694663]
 [0.0147045543]
 [0.00440067938]
 [0.0122103831]
 [0.00663155923]
 [0.0160937048]
 [0.0433877073]
 [0.000665722939]
 [0.00956000667]
 [0.00735702645]
 [0.00758268312]
 [0.0042433436]
 [0.00283708493]
 [0.0424365662]
 [-0.00420540292]
 [0.00554333441]
 [-0.00516369892]
 [0.0058937897]
 [0.0197987892]
 [0.0121833226]
 [0.00292836805]
 [-0.00307125808]
 [0.0115912501]
 [0.00941434223]
 [0.0292342752]
 [0.0214327239]
 [-0.00767598255]
 [-0.00276735891]
 [0.00329380878]
 [-0.00176588481]
 [-0.00321439677]
 [0.00610442273]
 [0.012987311]
 [-0.00359474937]
 [-0.00453258259]
 [0.00511941686]
 [0.00216197153]
 [0.0115222689]
 [0.00641724933]
 [0.0586415417]
 [0.0033960673]
 [0.00377912191]
 [0.0141548226]
 [0.0249125585]
 [0.00955698546]
 [0.00445409305]
 [0.0114628635]
 [-0.00475416612]
 [0.00139021943]
 [0.00583039271]
 [0.00567089627]
 [0.00664773118]
 [-0.00411993545]
 [0.0112646958]
 [0.0124123571]
 [0.00610178057]
 [0.0035576704]
 [0.0126140164]
 [0.0129498672]
 [0.00159643474]
 [0.0176702272]
 [0.00431728968]
 [0.000791284721]
 [-0.00471705478]
 [-0.00886483304]
 [-0.00200897874]
 [0.0024456277]
 [0.011598479]
 [0.0174999796]
 [0.00456642313]
 [7.33733202e-07]
 [0.0570357814]
 [0.00555427419]
 [0.00638929615]
 [0.00240023411]
 [0.0202738717]
 [-0.0100259753]
 [0.0102515742]
 [0.00144333276]
 [-0.00122452155]
 [0.00757399481]
 [0.00202951441]
 [0.00441407878]
 [0.00244202535]
 [0.0234006308]
 [0.0113832178]
 [-0.000242585244]
 [0.0115365693]
 [0.016210949]
 [0.00837614]
 [0.00216654479]
 [0.0074821692]
 [-0.00205961335]
 [0.0023486081]
 [0.00296068331]
 [0.00425045704]
 [0.0140228318]
 [-0.00562699512]
 [0.000456662179]
 [0.0104655586]
 [0.00425242539]
 [0.0183333829]
 [-0.00542939361]
 [0.0122932289]
 [0.076790221]
 [0.00607184181]
 [0.043450512]
 [0.0047206888]
 [0.00124407327]
 [0.00399354566]
 [-0.00156553509]
 [0.0029297315]
 [0.0168628152]
 [0.0186975952]
 [-0.00266147428]
 [0.0160311237]
 [0.0024438696]
 [0.00944966078]
 [0.00862317067]
 [0.00855224859]
 [0.00654607406]
 [-0.00526183844]
 [0.0026673309]
 [0.00592901651]
 [-0.00105310639]
 [0.00160745357]
 [0.0101510622]
 [0.000728392624]
 [0.0334191658]
 [0.0215276629]
 [0.00143991527]
 [0.0167302378]
 [0.00129792455]
 [0.00602043141]
 [0.0104094008]
 [2.07367539e-05]
 [0.00222205603]
 [-0.00039658547]
 [0.0164856706]
 [0.00706220744]
 [-0.000474855158]
 [0.00583545]
 [0.0143789863]
 [-0.00725794537]
 [-0.00210024603]
 [0.00640412327]
 [0.014850731]
 [0.00178895611]
 [0.00185546314]
 [0.00371943344]
 [0.0138866268]
 [0.00992074609]
 [0.00438384665]
 [0.0155153703]
 [0.00572514674]
 [0.0222041942]
 [-0.000210872895]
 [0.00510761747]
 [0.0151955914]
 [0.00346284173]
 [0.00233961106]
 [-0.00216172216]
 [0.00136476895]
 [0.00129087421]
 [0.0136034079]
 [-0.00135519798]
 [0.00461432617]
 [0.000639901904]
 [0.00893597584]
 [-0.00199059909]
 [-0.00221671443]
 [0.00927215349]
 [0.0028153765]
 [0.00587220909]
 [0.0107617974]
 [0.00229280419]
 [-0.000780442962]
 [-0.0108670453]
 [0.00311418762]
 [0.0217242613]
 [-0.00352073577]
 [0.00185833615]
 [0.0148900179]
 [0.00424211938]
 [0.0208553076]
 [-0.00216913875]
 [0.00647465512]
 [0.0168246739]
 [0.000862491434]
 [0.00900819805]
 [0.0204094835]
 [0.0079025412]
 [-0.00140971481]
 [-0.00190474791]
 [-0.00458096806]
 [0.0158757921]
 [0.0036528788]
 [-0.00107097]
 [0.00212838291]
 [0.00695157889]
 [-0.00525079528]
 [-0.00550374854]
 [0.00744768512]
 [0.0123688225]
 [0.0402500741]
 [-0.000955946278]
 [0.00725715049]
 [0.0032934139]
 [0.0125684133]
 [0.0129423793]
 [0.000171689098]
 [0.00623190124]
 [-0.00249609211]
 [0.00974864792]
 [0.00676136]
 [-0.0030665833]
 [-0.0039946381]
 [0.00504318113]
 [0.000263867667]
 [0.00193278585]
 [0.00420789234]
 [-3.32444906e-05]
 [0.0158880074]
 [9.6328411e-05]
 [-0.00175395014]
 [-0.00275675068]
 [0.013669773]
 [0.00645087659]
 [0.0111274598]
 [0.000543774222]
 [0.00222049374]
 [0.0173251629]
 [0.00278770109]
 [0.0122226]
 [0.00572972139]
 [0.000698902877]
 [0.00308228214]
 [0.00435038935]
 [-0.00102231558]
 [0.042393256]
 [0.0495732315]
 [0.0155912805]
 [0.00397255458]
 [0.00960961729]
 [0.0215019211]
 [0.00694234949]
 [0.00303136976]
 [0.0217072945]
 [0.013253253]
 [0.00291019]
 [-0.0111391218]
 [0.00216662162]
 [0.00107215508]
 [0.0171856955]
 [0.00820719264]
 [-0.000997897121]
 [0.00802341476]
 [0.0170943066]
 [0.00123441243]
 [0.00808992796]
 [0.00257609179]
 [0.0123982523]
 [0.00718575669]
 [0.00612333557]
 [0.00589576]
 [0.0066141095]
 [0.00146701979]
 [0.00206820224]
 [0.00173257513]
 [0.00907197688]
 [0.0121664871]
 [0.0237830337]
 [0.00486401562]
 [0.00317344489]
 [0.00517361891]
 [0.00871685]
 [0.00950045325]
 [-0.000278677355]
 [0.0411785729]
 [-0.00300039211]
 [0.0684795454]
 [0.00516504701]
 [-7.12339606e-05]
 [0.00540266745]
 [0.00829394907]
 [0.00416524522]
 [0.00919666141]
 [0.0131172799]
 [0.00193200563]
 [0.0058065732]
 [-0.00190104218]
 [0.01198621]
 [0.00313188555]
 [0.00121946412]
 [0.000197138856]
 [0.00929944497]
 [-0.00386075978]
 [0.0117849279]
 [0.00316039124]
 [0.0107369395]
 [0.0263538808]
 [0.011150565]
 [-0.00127701729]
 [0.0923982]
 [-0.000314936944]
 [0.00891257823]
 [0.00600676797]
 [0.00856165]
 [0.0188234728]
 [-0.00100652361]
 [0.00211831741]
 [0.00287916814]
 [-0.000952398754]
 [-0.00366452988]
 [0.0022450455]
 [0.0325553715]
 [0.00916513]
 [0.00288866158]
 [-0.00125335215]
 [-0.000788266538]
 [0.0160342604]
 [5.97807e-05]
 [0.00271104951]
 [0.0101612667]
 [0.0135410056]
 [0.00933461]
 [0.0189867206]
 [0.00135848077]
 [0.0359083638]
 [-0.00574300159]
 [-0.000234131512]
 [0.00362784811]
 [0.0111283548]
 [0.00495029334]
 [-0.000140349497]
 [0.00156291458]
 [0.00714384578]
 [0.00567207]
 [-4.20954821e-05]
 [0.00168006483]
 [0.0132346284]
 [0.00584253389]
 [0.00502982549]
 [0.00651126262]
 [0.00440098811]
 [0.00622428162]
 [-0.00197900785]
 [0.00306083541]
 [0.00696158409]
 [0.0019798791]
 [0.00492393365]
 [0.00343975658]
 [0.0104468847]
 [0.0138498554]
 [0.00934008509]
 [0.0166176353]
 [0.0111714713]
 [0.0220615435]
 [0.0160211436]
 [-0.00147624372]
 [0.00618566712]
 [0.00728025334]
 [0.0210029539]
 [0.00499912072]
 [0.00431368966]
 [0.00809584]
 [0.0095930649]
 [0.00791891478]
 [0.0239439625]
 [0.0101829115]
 [0.0110054966]
 [0.00472650398]
 [0.011628163]
 [0.000532965525]
 [-0.00547844591]
 [-0.00561704859]
 [0.00300728669]
 [0.00651569245]
 [-0.000711170433]
 [0.00763896713]
 [0.00578377349]
 [0.00256608427]
 [0.00308475853]
 [0.00548983552]
 [-0.000602896383]]], [[[-0.0572806448]
 [-0.0731360838]
 [-0.0287923887]
 [-0.0585243329]
 [-0.148747087]
 [-0.198946074]
 [-0.0629881173]
 [-0.0420476422]
 [-0.0453724]
 [-0.0569115691]
 [-0.0553453267]
 [-0.0375426523]
 [-0.0363164097]
 [-0.0666429922]
 [-0.0480398461]
 [-0.0667594373]
 [-0.0504218377]
 [-0.0335146748]
 [-0.06516736]
 [-0.0356804878]
 [-0.0681589544]
 [-0.0878613442]
 [-0.163285136]
 [-0.0452774093]
 [-0.0788190737]
 [-0.0402158722]
 [-0.0243246499]
 [-0.0475252]
 [-0.0813472718]
 [-0.257571578]
 [-0.0547925942]
 [-0.0661166459]
 [-0.0773643181]
 [-0.0569557399]
 [-0.0692443177]
 [-0.0634772405]
 [-0.0526160039]
 [-0.0643615]
 [-0.0385641977]
 [-0.0789902136]
 [-0.0351991169]
 [-0.0392606743]
 [-0.040256802]
 [-0.0604241714]
 [-0.048620142]
 [-0.0780838132]
 [-0.103884391]
 [-0.0636557117]
 [-0.0565075055]
 [-0.0606370531]
 [-0.0437056683]
 [-0.0790598467]
 [-0.0618126951]
 [-0.0529194176]
 [-0.137402758]
 [-0.0607841201]
 [-0.0364947766]
 [-0.045350533]
 [-0.0468760021]
 [-0.0470725112]
 [-0.0773805529]
 [-0.06113711]
 [-0.0517466366]
 [-0.0693454519]
 [-0.0755623132]
 [-0.0579686165]
 [-0.066028744]
 [-0.0520565659]
 [-0.0554328337]
 [-0.0469697081]
 [-0.0491522066]
 [-0.0675713569]
 [-0.0608828813]
 [-0.0710330456]
 [-0.0700886846]
 [-0.139984041]
 [-0.0691653937]
 [-0.0580780841]
 [-0.0474155284]
 [-0.12727423]
 [-0.0390571]
 [-0.0513133891]
 [-0.214540064]
 [-0.0750670135]
 [-0.051972378]
 [-0.047487922]
 [-0.0683598891]
 [-0.0604988225]
 [-0.0397667401]
 [-0.0635968745]
 [-0.0615703687]
 [-0.0448443145]
 [-0.0826526955]
 [-0.0491827689]
 [-0.0423623621]
 [-0.0285175666]
 [-0.0905852318]
 [-0.0554773062]
 [-0.0426845253]
 [-0.076915428]
 [-0.0268969517]
 [-0.078420274]
 [-0.0511429757]
 [-0.0752964243]
 [-0.0400675684]
 [-0.0415172875]
 [-0.0603306182]
 [-0.0370464809]
 [-0.0544852503]
 [-0.0615849681]
 [-0.0610150546]
 [-0.0528255068]
 [-0.057488136]
 [-0.0373504199]
 [-0.0851103961]
 [-0.0682714283]
 [-0.0463157073]
 [-0.0594232939]
 [-0.12464013]
 [-0.0423982255]
 [-0.0524369925]
 [-0.0672043]
 [-0.070993565]
 [-0.0671370625]
 [-0.0579171367]
 [-0.0696001798]
 [-0.0624824949]
 [-0.0500913896]
 [-0.0678662062]
 [-0.052134905]
 [-0.0620165356]
 [-0.0532405898]
 [-0.0776118487]
 [-0.165127069]
 [-0.0389046893]
 [-0.0660999715]
 [-0.0565062575]
 [-0.0593913943]
 [-0.0544128269]
 [-0.0519743413]
 [-0.147791088]
 [-0.0288222209]
 [-0.0490954593]
 [-0.0252777673]
 [-0.0557562262]
 [-0.0820696]
 [-0.071280919]
 [-0.0555898286]
 [-0.0315514319]
 [-0.0651113763]
 [-0.056425944]
 [-0.118854716]
 [-0.08590433]
 [-0.0307369176]
 [-0.021552179]
 [-0.0501224697]
 [-0.0267144777]
 [-0.0335563533]
 [-0.052239608]
 [-0.0727592409]
 [-0.0394198336]
 [-0.0542581752]
 [-0.0501208939]
 [-0.0407703742]
 [-0.0608818047]
 [-0.0610925406]
 [-0.165901855]
 [-0.0510118343]
 [-0.0470996425]
 [-0.064832069]
 [-0.0883179307]
 [-0.0586307049]
 [-0.0321657024]
 [-0.0604294203]
 [-0.0316787139]
 [-0.0406809151]
 [-0.0534040444]
 [-0.0533686355]
 [-0.0576280244]
 [-0.0333803929]
 [-0.0640291944]
 [-0.064510338]
 [-0.0535567]
 [-0.051322192]
 [-0.0720796213]
 [-0.0638266727]
 [-0.0482960716]
 [-0.0772757605]
 [-0.0468764]
 [-0.0492148213]
 [-0.0396708772]
 [-0.09583202]
 [-0.0242943391]
 [-0.0451302864]
 [-0.0712768435]
 [-0.0727450848]
 [-0.0486210808]
 [-0.0371723212]
 [-0.166583017]
 [-0.051037211]
 [-0.0609433614]
 [-0.0485381112]
 [-0.081096679]
 [-0.0268930383]
 [-0.0633802861]
 [-0.0371841677]
 [-0.0394684337]
 [-0.0531335846]
 [-0.0342337973]
 [-0.0579298027]
 [-0.0464284718]
 [-0.0825693607]
 [-0.0690831169]
 [-0.0434008464]
 [-0.067809768]
 [-0.0688327774]
 [-0.0675638691]
 [-0.0513974912]
 [-0.057897348]
 [-0.0453570783]
 [-0.0426341146]
 [-0.0478572957]
 [-0.0528275073]
 [-0.0674684271]
 [-0.045019377]
 [-0.0282023046]
 [-0.0607447959]
 [-0.0461049825]
 [-0.0814674571]
 [-0.0489821322]
 [-0.0654099]
 [-0.201969489]
 [-0.0653457865]
 [-0.148985]
 [-0.0499949083]
 [-0.0470203124]
 [-0.0513655134]
 [-0.0478710271]
 [-0.0488870889]
 [-0.0718991086]
 [-0.0789538771]
 [-0.029610537]
 [-0.0727933794]
 [-0.0447876938]
 [-0.0591669455]
 [-0.0619867817]
 [-0.0625450909]
 [-0.053495951]
 [-0.0335399806]
 [-0.05096725]
 [-0.055980064]
 [-0.0340518281]
 [-0.0440729223]
 [-0.0727983937]
 [-0.0461957082]
 [-0.127512053]
 [-0.0806175545]
 [-0.0281905029]
 [-0.0801695734]
 [-0.0379645117]
 [-0.0528477728]
 [-0.0604207218]
 [-0.0411130711]
 [-0.047737]
 [-0.0398734584]
 [-0.0739689693]
 [-0.0606268346]
 [-0.0407311805]
 [-0.0528944954]
 [-0.0703213289]
 [-0.0466343872]
 [-0.0412621722]
 [-0.0557633489]
 [-0.0731069073]
 [-0.0498697534]
 [-0.0350394771]
 [-0.0535670184]
 [-0.0691865161]
 [-0.0652325526]
 [-0.0501870736]
 [-0.0672787]
 [-0.0546027981]
 [-0.173768744]
 [-0.0408421569]
 [-0.0484669097]
 [-0.0667488277]
 [-0.037280947]
 [-0.0524027348]
 [-0.0401860364]
 [-0.0472374074]
 [-0.0473604947]
 [-0.0677462667]
 [-0.0398389213]
 [-0.0540182702]
 [-0.046597]
 [-0.0589427315]
 [-0.0277333688]
 [-0.0337403864]
 [-0.0628519133]
 [-0.0479936786]
 [-0.0539009869]
 [-0.0648154467]
 [-0.0508794114]
 [-0.0358242877]
 [-0.0927294269]
 [-0.0421431512]
 [-0.100746609]
 [-0.0444438085]
 [-0.0489537716]
 [-0.0717886165]
 [-0.0540558323]
 [-0.0789898932]
 [-0.0400239751]
 [-0.0452635773]
 [-0.0725232959]
 [-0.0377689227]
 [-0.0684380531]
 [-0.0779191479]
 [-0.0603900142]
 [-0.0382083133]
 [-0.0306260083]
 [-0.0337405503]
 [-0.0738172233]
 [-0.0464433245]
 [-0.0311210565]
 [-0.0423374176]
 [-0.0634879544]
 [-0.0244164802]
 [-0.031051781]
 [-0.0549072251]
 [-0.063908]
 [-0.155191287]
 [-0.050062906]
 [-0.0527876653]
 [-0.0461023152]
 [-0.0636173636]
 [-0.0726163611]
 [-0.0470609851]
 [-0.0583231598]
 [-0.0353261977]
 [-0.0662103668]
 [-0.0503605641]
 [-0.0316776522]
 [-0.0299541838]
 [-0.0531075336]
 [-0.0464289375]
 [-0.045252528]
 [-0.0540225729]
 [-0.0418635793]
 [-0.07212805]
 [-0.0387643762]
 [-0.0265871547]
 [-0.0403141491]
 [-0.065499]
 [-0.0538484231]
 [-0.0726105422]
 [-0.0432623588]
 [-0.0465479866]
 [-0.0780984908]
 [-0.0552838035]
 [-0.0588048175]
 [-0.047024563]
 [-0.0361260921]
 [-0.0458700135]
 [-0.0506468192]
 [-0.0657772943]
 [-0.15904887]
 [-0.160278708]
 [-0.0703522265]
 [-0.0478188694]
 [-0.0681735799]
 [-0.0778493658]
 [-0.0559341423]
 [-0.0472061634]
 [-0.0784837231]
 [-0.069729656]
 [-0.0438095108]
 [-0.0461242087]
 [-0.0394828878]
 [-0.0392520651]
 [-0.075439088]
 [-0.0559772402]
 [-0.0450221151]
 [-0.0610522181]
 [-0.0825477615]
 [-0.0379541367]
 [-0.0561751276]
 [-0.0744310915]
 [-0.0642369762]
 [-0.0592189878]
 [-0.0530716851]
 [-0.0508596897]
 [-0.0639281496]
 [-0.0405069254]
 [-0.0412050523]
 [-0.0418301485]
 [-0.0572856888]
 [-0.0718120188]
 [-0.0805950165]
 [-0.0398063287]
 [-0.046992749]
 [-0.0497709662]
 [-0.0583167635]
 [-0.0597399138]
 [-0.035882622]
 [-0.140172526]
 [-0.0350056253]
 [-0.192390636]
 [-0.0495240241]
 [-0.0399978161]
 [-0.0495617539]
 [-0.0611573942]
 [-0.0532206818]
 [-0.0614241585]
 [-0.0642463416]
 [-0.0514983088]
 [-0.0559340082]
 [-0.0447467193]
 [-0.0619060881]
 [-0.0483099446]
 [-0.0540626273]
 [-0.0320136845]
 [-0.0605093688]
 [-0.0360848196]
 [-0.0653524]
 [-0.0436852127]
 [-0.0635056794]
 [-0.0965547115]
 [-0.0636704192]
 [-0.0411292464]
 [-0.214791223]
 [-0.0421961583]
 [-0.0637539253]
 [-0.0571788736]
 [-0.0567177311]
 [-0.080260694]
 [-0.0371466391]
 [-0.0246462412]
 [-0.0512282]
 [-0.0389628783]
 [-0.043963]
 [-0.0442739502]
 [-0.132107168]
 [-0.0603876859]
 [-0.0464357808]
 [-0.0296079963]
 [-0.0267566014]
 [-0.176069438]
 [-0.0373625308]
 [-0.0486878045]
 [-0.0626664832]
 [-0.0677301809]
 [-0.0614057146]
 [-0.0752706379]
 [-0.0475944504]
 [-0.0987661332]
 [-0.114345416]
 [-0.0432358272]
 [-0.0400375351]
 [-0.0665252]
 [-0.0456187241]
 [-0.0492044725]
 [-0.0414134078]
 [-0.055365704]
 [-0.0610288158]
 [-0.0509885773]
 [-0.0393667668]
 [-0.0756896]
 [-0.0512327477]
 [-0.0444867313]
 [-0.0512624271]
 [-0.0395873897]
 [-0.0528589189]
 [-0.0444869958]
 [-0.0378264077]
 [-0.0568583757]
 [-0.0487323366]
 [-0.0518162698]
 [-0.0387915298]
 [-0.0664370731]
 [-0.0701028556]
 [-0.154767156]
 [-0.0752219]
 [-0.0658007]
 [-0.0836856812]
 [-0.071495235]
 [-0.0489183627]
 [-0.0544756614]
 [-0.0605455786]
 [-0.0779876113]
 [-0.0480836853]
 [-0.0554046258]
 [-0.0771406665]
 [-0.0717973337]
 [-0.0556913428]
 [-0.078872636]
 [-0.0676981956]
 [-0.0670738295]
 [-0.0501479656]
 [-0.0623030029]
 [-0.0342964455]
 [-0.0468600877]
 [-0.0772877336]
 [-0.0470810607]
 [-0.0399346873]
 [-0.0232985169]
 [-0.0579896159]
 [-0.0554758497]
 [-0.0411952883]
 [-0.0483053029]
 [-0.051751852]
 [-0.0371837914]]]], '///')
([[[[0.12481644]
 [0.210513324]
 [0.198659435]
 [0.214271396]
 [0.156453729]
 [0.218355373]
 [0.154205084]
 [0.141177371]
 [0.216651261]
 [0.180110365]
 [0.144319877]
 [0.148112252]
 [0.146731719]
 [0.151183277]
 [0.150599882]
 [0.190378606]
 [0.132682413]
 [0.153494582]
 [0.124697037]
 [0.142188489]
 [0.133657262]
 [0.134309202]
 [0.177508846]
 [0.185122445]
 [0.115356445]
 [0.117616899]
 [0.208197936]
 [0.171519667]
 [0.175706327]
 [0.147638097]
 [0.18427071]
 [0.135881245]
 [0.167919889]
 [0.125056624]
 [0.142349184]
 [0.241612822]
 [0.122982696]
 [0.131844088]
 [0.169423118]
 [0.227716446]
 [0.148517802]
 [0.183238968]
 [0.224798858]
 [0.174801975]
 [0.144434676]
 [0.150649667]
 [0.190028921]
 [0.207137913]
 [0.152489662]
 [0.213621184]
 [0.171813071]
 [0.124924116]
 [0.136374041]
 [0.120879181]
 [0.162185371]
 [0.136245862]
 [0.15000917]
 [0.173813283]
 [0.137683451]
 [0.162283555]
 [0.16831024]
 [0.178612366]
 [0.188767657]
 [0.183969423]
 [0.154891208]
 [0.121793918]
 [0.114653513]
 [0.142883137]
 [0.144100741]
 [0.150182068]
 [0.159350917]
 [0.139915779]
 [0.167810738]
 [0.151738435]
 [0.195945278]
 [0.130640447]
 [0.124727488]
 [0.153168812]
 [0.21583347]
 [0.122792095]
 [0.173492163]
 [0.234877631]
 [0.218382418]
 [0.201084286]
 [0.130188167]
 [0.151798561]
 [0.15162228]
 [0.183726802]
 [0.154261619]
 [0.192515239]
 [0.137760967]
 [0.152253]
 [0.148393646]
 [0.202177778]
 [0.164456889]
 [0.174149305]
 [0.167678952]
 [0.149346426]
 [0.155206308]
 [0.173234478]
 [0.1718577]
 [0.152268723]
 [0.145892352]
 [0.178774342]
 [0.219145045]
 [0.159550145]
 [0.236547932]
 [0.177584231]
 [0.120793134]
 [0.181112364]
 [0.171274573]
 [0.138238862]
 [0.152580559]
 [0.132804215]
 [0.160564572]
 [0.305423439]
 [0.216513008]
 [0.131407991]
 [0.19042398]
 [0.221173078]
 [0.110844314]
 [0.164008483]
 [0.149863809]
 [0.163845971]
 [0.144569039]
 [0.202016965]
 [0.22259213]
 [0.169241145]
 [0.130692676]
 [0.168394923]
 [0.103774443]
 [0.16527386]
 [0.145450741]
 [0.176499546]
 [0.160109907]
 [0.166615054]
 [0.186568752]
 [0.230488658]
 [0.110797651]
 [0.168354988]
 [0.221987739]
 [0.13398464]
 [0.189844757]
 [0.17922838]
 [0.259076685]
 [0.166196674]
 [0.128303781]
 [0.173904598]
 [0.143503442]
 [0.150723025]
 [0.141595]
 [0.136111304]
 [0.225276485]
 [0.138747469]
 [0.125923589]
 [0.176404759]
 [0.141960695]
 [0.149429798]
 [0.204236329]
 [0.13088508]
 [0.149444461]
 [0.157957122]
 [0.210918128]
 [0.183575]
 [0.189680099]
 [0.197273925]
 [0.157406986]
 [0.182028651]
 [0.174611777]
 [0.141767591]
 [0.147164375]
 [0.141725481]
 [0.184720457]
 [0.197927207]
 [0.127248242]
 [0.177577108]
 [0.190347746]
 [0.12756823]
 [0.207929835]
 [0.184033215]
 [0.144173801]
 [0.161668509]
 [0.143288672]
 [0.202589765]
 [0.155809134]
 [0.161531225]
 [0.163976878]
 [0.174194]
 [0.173133254]
 [0.249619484]
 [0.145573556]
 [0.148330763]
 [0.146094114]
 [0.156413987]
 [0.149527267]
 [0.215449214]
 [0.17323032]
 [0.133864105]
 [0.157180533]
 [0.205547661]
 [0.159295142]
 [0.191374779]
 [0.130325496]
 [0.131013528]
 [0.149626955]
 [0.185128346]
 [0.147908822]
 [0.128560975]
 [0.150115371]
 [0.153890908]
 [0.145595089]
 [0.191114694]
 [0.171013549]
 [0.150660202]
 [0.153697088]
 [0.171664193]
 [0.157088712]
 [0.166635126]
 [0.21834828]
 [0.151061654]
 [0.144555479]
 [0.157638967]
 [0.228674695]
 [0.180634]
 [0.150028408]
 [0.194632262]
 [0.142262]
 [0.135503009]
 [0.129875183]
 [0.16611889]
 [0.236115053]
 [0.176534712]
 [0.113043807]
 [0.164561763]
 [0.142318457]
 [0.11386469]
 [0.158461]
 [0.194386676]
 [0.14017494]
 [0.200709537]
 [0.181006521]
 [0.1292575]
 [0.164499849]
 [0.128690422]
 [0.133378699]
 [0.230942339]
 [0.161414638]
 [0.150059834]
 [0.124082476]
 [0.139353469]
 [0.165016428]
 [0.144815832]
 [0.227340505]
 [0.217918009]
 [0.132673934]
 [0.152447015]
 [0.16071713]
 [0.212531656]
 [0.196804717]
 [0.186766624]
 [0.186036065]
 [0.149634972]
 [0.147877172]
 [0.160634324]
 [0.17182909]
 [0.121480748]
 [0.186667904]
 [0.131945059]
 [0.195363924]
 [0.131366476]
 [0.168144345]
 [0.162151545]
 [0.213950649]
 [0.186201245]
 [0.164672703]
 [0.132231012]
 [0.177994981]
 [0.179590926]
 [0.140777841]
 [0.16946876]
 [0.168484032]
 [0.116547309]
 [0.150464]
 [0.191935614]
 [0.154713452]
 [0.152709901]
 [0.174571976]
 [0.182081982]
 [0.160629198]
 [0.156660274]
 [0.15600425]
 [0.171138644]
 [0.154291108]
 [0.107037522]
 [0.138972551]
 [0.195113614]
 [0.185810909]
 [0.165517196]
 [0.152762622]
 [0.150883853]
 [0.135965899]
 [0.153154761]
 [0.160531178]
 [0.140515804]
 [0.203786895]
 [0.164075047]
 [0.151564524]
 [0.160689846]
 [0.175370678]
 [0.1720604]
 [0.138736323]
 [0.150931954]
 [0.153203413]
 [0.144475952]
 [0.170919612]
 [0.141090319]
 [0.147589728]
 [0.144732594]
 [0.189368322]
 [0.1333801]
 [0.151790217]
 [0.156386301]
 [0.182316825]
 [0.140609041]
 [0.136991575]
 [0.148419604]
 [0.192827]
 [0.153204292]
 [0.126578331]
 [0.165475175]
 [0.153214589]
 [0.160313338]
 [0.226307645]
 [0.149445087]
 [0.132839054]
 [0.163361937]
 [0.148235381]
 [0.235106945]
 [0.126133963]
 [0.217346385]
 [0.168405741]
 [0.205475241]
 [0.169278473]
 [0.169746727]
 [0.136768281]
 [0.185833201]
 [0.114674397]
 [0.134316757]
 [0.149380609]
 [0.114523411]
 [0.182173]
 [0.143448412]
 [0.16959931]
 [0.19168365]
 [0.144396573]
 [0.173971832]
 [0.137361407]
 [0.133803084]
 [0.185055777]
 [0.173033893]
 [0.315716505]
 [0.138924733]
 [0.166086018]
 [0.156235978]
 [0.164592594]
 [0.146123424]
 [0.13704066]
 [0.134110034]
 [0.192070201]
 [0.199778065]
 [0.156485066]
 [0.16341725]
 [0.265198529]
 [0.164156497]
 [0.332712]
 [0.196441099]
 [0.175319687]
 [0.183952808]
 [0.133330688]
 [0.146572322]
 [0.17342636]
 [0.126916885]
 [0.19868198]
 [0.153785646]
 [0.21901013]
 [0.18725352]
 [0.191128746]]], [[[-0.0554912947]
 [-0.0633489192]
 [-0.0600198284]
 [-0.0587201]
 [-0.0505022258]
 [-0.0650653094]
 [-0.0670171082]
 [-0.0542059802]
 [-0.0776723325]
 [-0.0593325235]
 [-0.0632372946]
 [-0.0633540601]
 [-0.0659475252]
 [-0.069004871]
 [-0.0655425861]
 [-0.0460836887]
 [-0.054487858]
 [-0.062645413]
 [-0.0527363308]
 [-0.0620979033]
 [-0.061448995]
 [-0.0536466837]
 [-0.0493635274]
 [-0.0738697797]
 [-0.0512279794]
 [-0.0480340533]
 [-0.0604919903]
 [-0.0721066892]
 [-0.065646328]
 [-0.0561980344]
 [-0.0540190376]
 [-0.0617997944]
 [-0.0716718137]
 [-0.0531751625]
 [-0.0485823303]
 [-0.0599152]
 [-0.0480573624]
 [-0.052438803]
 [-0.0701878145]
 [-0.0578772835]
 [-0.0694736242]
 [-0.0813171789]
 [-0.098456]
 [-0.0698870122]
 [-0.0647224784]
 [-0.0693828389]
 [-0.0501124747]
 [-0.0688037]
 [-0.0704191923]
 [-0.0514082722]
 [-0.0704419315]
 [-0.0476154052]
 [-0.0528688133]
 [-0.0497977436]
 [-0.0651769564]
 [-0.062593095]
 [-0.0475224629]
 [-0.0612234324]
 [-0.0604492091]
 [-0.0509550534]
 [-0.0623259731]
 [-0.0560121]
 [-0.0711970329]
 [-0.0691782]
 [-0.0518972]
 [-0.0523452945]
 [-0.0495781228]
 [-0.0612284169]
 [-0.0510809794]
 [-0.0607721955]
 [-0.0682403818]
 [-0.0557288043]
 [-0.0621068776]
 [-0.059370745]
 [-0.0838124827]
 [-0.0588507466]
 [-0.0507598482]
 [-0.0637612566]
 [-0.0581797697]
 [-0.0542114824]
 [-0.0665089116]
 [-0.0752629191]
 [-0.0888297185]
 [-0.0520471483]
 [-0.0575698614]
 [-0.056238912]
 [-0.0698715]
 [-0.0647387281]
 [-0.0664978102]
 [-0.0661898255]
 [-0.0534612648]
 [-0.0697577149]
 [-0.0726785064]
 [-0.0740428492]
 [-0.0696215555]
 [-0.049877692]
 [-0.0674321577]
 [-0.0544078834]
 [-0.070093289]
 [-0.0739765763]
 [-0.0704898462]
 [-0.0679551065]
 [-0.0664073825]
 [-0.07474944]
 [-0.0969459713]
 [-0.0706284493]
 [-0.073593758]
 [-0.0557188876]
 [-0.0486331098]
 [-0.0539149195]
 [-0.0715951473]
 [-0.0579350665]
 [-0.0588180125]
 [-0.0521781929]
 [-0.0523224436]
 [-0.0897757709]
 [-0.0601476729]
 [-0.0554948933]
 [-0.0684337]
 [-0.0863665938]
 [-0.0471806824]
 [-0.0622232705]
 [-0.069177]
 [-0.0608630739]
 [-0.0656454489]
 [-0.0814248621]
 [-0.0862494409]
 [-0.0714309663]
 [-0.0541693717]
 [-0.0747439638]
 [-0.0409303457]
 [-0.056317471]
 [-0.0659965798]
 [-0.0788290426]
 [-0.0709286705]
 [-0.0665013343]
 [-0.0723466799]
 [-0.0377345756]
 [-0.0427842773]
 [-0.0697612166]
 [-0.101521485]
 [-0.0574371628]
 [-0.0418315902]
 [-0.0744580552]
 [-0.0403890312]
 [-0.0614287667]
 [-0.0511375703]
 [-0.0770883635]
 [-0.0568920858]
 [-0.0674907193]
 [-0.0578534119]
 [-0.0633637905]
 [-0.106092]
 [-0.0530266464]
 [-0.0555048548]
 [-0.0677223802]
 [-0.0637870505]
 [-0.0663324296]
 [-0.0722358525]
 [-0.0550206378]
 [-0.0634207]
 [-0.0607425794]
 [-0.0592545643]
 [-0.0542397499]
 [-0.0464143381]
 [-0.0559676662]
 [-0.0678502396]
 [-0.059770193]
 [-0.0478859805]
 [-0.0568287186]
 [-0.0649241507]
 [-0.0604019463]
 [-0.0611024089]
 [-0.0641078576]
 [-0.0554197393]
 [-0.0529517978]
 [-0.0638162419]
 [-0.0608137846]
 [-0.0549604334]
 [-0.0791785941]
 [-0.0607022792]
 [-0.0696269497]
 [-0.0625278726]
 [-0.0577091128]
 [-0.0677654147]
 [-0.0735876486]
 [-0.0576769151]
 [-0.0817176402]
 [-0.0605213195]
 [-0.0733877271]
 [-0.0623785034]
 [-0.0607000813]
 [-0.0609324276]
 [-0.0672691688]
 [-0.062406417]
 [-0.0602451079]
 [-0.064157337]
 [-0.0587254316]
 [-0.0676450506]
 [-0.057365045]
 [-0.0509978086]
 [-0.0607986748]
 [-0.0555567592]
 [-0.0543787293]
 [-0.0624900833]
 [-0.0692935959]
 [-0.0574995615]
 [-0.0527498163]
 [-0.070699729]
 [-0.0705337673]
 [-0.0628199279]
 [-0.0712969527]
 [-0.0668845549]
 [-0.0655931085]
 [-0.0708354115]
 [-0.0707353577]
 [-0.0630695596]
 [-0.0484922789]
 [-0.102254]
 [-0.066016905]
 [-0.0664511323]
 [-0.0767847598]
 [-0.0428845771]
 [-0.0675593689]
 [-0.0614725202]
 [-0.0761646256]
 [-0.0597344935]
 [-0.0512785725]
 [-0.0567836575]
 [-0.0660942197]
 [-0.051620163]
 [-0.0498862825]
 [-0.0471611768]
 [-0.0647071376]
 [-0.0651857257]
 [-0.0521730147]
 [-0.0694725811]
 [-0.0716546699]
 [-0.0557449348]
 [-0.0643272772]
 [-0.0687703043]
 [-0.0636717]
 [-0.0746471]
 [-0.0515586361]
 [-0.0558686368]
 [-0.0483088195]
 [-0.0730248764]
 [-0.0609919056]
 [-0.0486244075]
 [-0.055810377]
 [-0.0780836567]
 [-0.0509846695]
 [-0.0845580697]
 [-0.0668754429]
 [-0.0597952828]
 [-0.0638850257]
 [-0.050817322]
 [-0.0775160044]
 [-0.0662111]
 [-0.0675295293]
 [-0.0710095391]
 [-0.0745576918]
 [-0.0688195899]
 [-0.0711566]
 [-0.0588703789]
 [-0.056628868]
 [-0.0865387693]
 [-0.0627452582]
 [-0.0519865192]
 [-0.0591970533]
 [-0.0731612667]
 [-0.0650644]
 [-0.053490065]
 [-0.0611456148]
 [-0.0568167828]
 [-0.0502661802]
 [-0.0682060644]
 [-0.0616396032]
 [-0.0638996139]
 [-0.0569422618]
 [-0.0671169311]
 [-0.046514]
 [-0.0536880307]
 [-0.0642204955]
 [-0.0664226189]
 [-0.0664953738]
 [-0.0576561727]
 [-0.0676828101]
 [-0.0710127354]
 [-0.0729603693]
 [-0.0737298951]
 [-0.071014449]
 [-0.0494559668]
 [-0.0439235121]
 [-0.0620071217]
 [-0.0703112558]
 [-0.0508912466]
 [-0.0629314706]
 [-0.0708116591]
 [-0.0575659759]
 [-0.0612277426]
 [-0.055170361]
 [-0.0732251108]
 [-0.0635849163]
 [-0.0655141324]
 [-0.0619665384]
 [-0.0711401105]
 [-0.0521951951]
 [-0.0623918921]
 [-0.0721550137]
 [-0.0614428632]
 [-0.0573703498]
 [-0.0728123263]
 [-0.054266829]
 [-0.0432025157]
 [-0.0612904802]
 [-0.0598686747]
 [-0.0641991422]
 [-0.085540317]
 [-0.0603740029]
 [-0.0701476857]
 [-0.0672552884]
 [-0.0727075264]
 [-0.0567681678]
 [-0.0595696531]
 [-0.0549883842]
 [-0.0694918334]
 [-0.0795932859]
 [-0.0496953204]
 [-0.0534780771]
 [-0.0673959479]
 [-0.0535441302]
 [-0.0576082803]
 [-0.0666282177]
 [-0.0596030429]
 [-0.0725190341]
 [-0.0674117506]
 [-0.109003603]
 [-0.0548765659]
 [-0.0708204284]
 [-0.0628655702]
 [-0.0562844761]
 [-0.0528122373]
 [-0.0650457218]
 [-0.0637437627]
 [-0.0734414831]
 [-0.0497326478]
 [-0.0593357794]
 [-0.0648099482]
 [-0.049932126]
 [-0.0780385509]
 [-0.0579372495]
 [-0.0707449764]
 [-0.0627202615]
 [-0.0619155802]
 [-0.0710868239]
 [-0.0497768037]
 [-0.0535320528]
 [-0.0445764884]
 [-0.0629537329]
 [-0.0571963675]
 [-0.0514920652]
 [-0.0682910457]
 [-0.0644430071]
 [-0.06966158]
 [-0.0635865852]
 [-0.0640450269]
 [-0.0622237027]
 [-0.0726575851]
 [-0.0699269548]
 [-0.0646041334]
 [-0.0680856854]
 [-0.115616277]
 [-0.0767955855]
 [-0.0387434661]
 [-0.0756701082]
 [-0.0639178827]
 [-0.0575812049]
 [-0.0576395877]
 [-0.0639234558]
 [-0.0663809478]
 [-0.0487102307]
 [-0.0570457838]
 [-0.0707907081]
 [-0.0431175716]
 [-0.0534965955]
 [-0.0680449083]]], [[[0.0256309081]
 [0.0019853448]
 [-0.000929863891]
 [-0.00265457691]
 [-0.00699721416]
 [0.00262970198]
 [0.016902592]
 [0.0082679]
 [-0.00725701917]
 [0.00769690517]
 [0.0227115154]
 [0.00250757299]
 [0.0256923363]
 [0.0105277933]
 [0.0133028599]
 [-0.00173114985]
 [0.00376944337]
 [0.0118423793]
 [0.00732535589]
 [0.0142993629]
 [0.0328438468]
 [0.00447554281]
 [-0.00192894356]
 [0.00108674378]
 [0.0234752521]
 [0.0124258781]
 [-0.0139687536]
 [0.00723160245]
 [0.00359779247]
 [0.006083088]
 [-0.00376403099]
 [0.0213059355]
 [0.0104740476]
 [0.0319036357]
 [0.000352686038]
 [0.00458188122]
 [0.0141480351]
 [0.0119534899]
 [0.00828669593]
 [-0.0004945111]
 [0.0151040414]
 [0.0125876609]
 [0.0591152757]
 [0.00319160172]
 [0.0141655123]
 [0.0143440757]
 [-0.00472818501]
 [-0.00868127868]
 [0.0170185864]
 [-0.000897382211]
 [0.0102344751]
 [0.00954769179]
 [0.00411076332]
 [0.0156464502]
 [0.00491786422]
 [0.0182776693]
 [0.000758286857]
 [-0.00424852502]
 [0.0088826986]
 [-0.00276751071]
 [0.00415298436]
 [-0.000909317459]
 [-7.71100822e-05]
 [0.0052370429]
 [-0.000192452222]
 [0.020103626]
 [0.00811390858]
 [0.00963337]
 [0.00208040676]
 [0.0167528763]
 [0.0183994547]
 [0.000861438748]
 [0.00358864269]
 [0.000174583052]
 [0.0728432]
 [0.0109336087]
 [0.00591764459]
 [0.0212632101]
 [0.00323473662]
 [0.0237892158]
 [0.00111309066]
 [0.0023341286]
 [0.07004527]
 [0.00493238587]
 [0.0159248896]
 [0.00228487235]
 [0.0162881017]
 [0.00176629634]
 [0.0155330924]
 [-0.00940612517]
 [0.00652204733]
 [0.0286420826]
 [0.0171936154]
 [0.00574861607]
 [0.00410443]
 [0.00115285371]
 [0.0101083061]
 [-0.00138528703]
 [0.0105578443]
 [0.0122653898]
 [0.00242757564]
 [0.0204376504]
 [0.00985215]
 [0.00967025571]
 [0.061960265]
 [0.013214591]
 [0.00111641327]
 [0.00194296776]
 [0.0045336266]
 [-0.00181579008]
 [0.00337066292]
 [0.00484362524]
 [0.0035424612]
 [0.0174892824]
 [-0.00164932339]
 [0.00797186699]
 [-0.00885242]
 [0.0100710057]
 [-0.000490753329]
 [0.0868644267]
 [0.0410521403]
 [0.0198774654]
 [0.0216964539]
 [-0.00076825259]
 [0.0152640864]
 [0.0662159175]
 [0.101216815]
 [0.00484283]
 [0.00543731032]
 [0.0199492425]
 [0.0325073637]
 [0.000451614556]
 [0.015555406]
 [0.0133302677]
 [0.015487045]
 [0.00779578695]
 [0.0064446684]
 [-0.0042787]
 [0.0281770043]
 [0.0102445055]
 [0.0389854237]
 [0.0281629842]
 [-0.0102834944]
 [0.0106138019]
 [-0.00979504455]
 [0.000756402733]
 [0.000244301715]
 [0.0186279751]
 [0.00637362478]
 [0.0149605228]
 [0.00541054504]
 [0.00813893]
 [0.0667994693]
 [0.00368705741]
 [0.0318305269]
 [0.00508555118]
 [0.0136946989]
 [0.0256924052]
 [0.00481515471]
 [0.00769184902]
 [0.0138142891]
 [-0.00325864786]
 [0.00639615348]
 [0.000874298508]
 [-0.000939427933]
 [-0.00104122574]
 [0.0154854367]
 [0.0057064807]
 [-0.00299478555]
 [0.00775540713]
 [0.0172990635]
 [0.0197567195]
 [0.0012358746]
 [-0.000832206919]
 [0.017990822]
 [-0.00123109203]
 [0.00261375168]
 [0.0262790658]
 [-0.00418485235]
 [0.0109341489]
 [0.00961439498]
 [0.0240436569]
 [0.0125261974]
 [-0.00963652879]
 [0.00661384827]
 [0.0107255289]
 [-0.000609866402]
 [0.0120875863]
 [0.000299852196]
 [-0.00416057371]
 [0.0261017]
 [0.00724152196]
 [0.00779713318]
 [0.0140764285]
 [0.00795047078]
 [-0.011589935]
 [0.00419718493]
 [0.0199192911]
 [0.00889114]
 [-0.00320400903]
 [-0.000605670502]
 [-0.00684130332]
 [0.0106448671]
 [0.00910388492]
 [0.0145850191]
 [0.00333612203]
 [0.00292801182]
 [0.00421781419]
 [0.0156597812]
 [0.0212488417]
 [0.0129129123]
 [0.00462466478]
 [0.00419710577]
 [-0.00671949564]
 [0.0217656922]
 [0.0067331586]
 [0.00421634503]
 [-0.00240830844]
 [0.0511771217]
 [0.0227763709]
 [0.0202546734]
 [0.0131590534]
 [-0.00243431516]
 [0.00954295415]
 [0.00543047488]
 [0.00465830602]
 [0.0160804428]
 [0.00187285338]
 [0.0238911826]
 [0.00283663813]
 [0.00197318313]
 [-0.00625133514]
 [0.00670604]
 [0.00755952951]
 [0.0145807676]
 [0.0255256649]
 [0.0103988871]
 [0.00395314302]
 [0.00447342591]
 [-0.00833449233]
 [0.000521351409]
 [0.0232892949]
 [0.0111190844]
 [0.000303060719]
 [0.0136693716]
 [-0.0102172522]
 [0.0144739673]
 [0.00637905858]
 [0.00323701138]
 [0.0100164125]
 [0.0172028951]
 [0.00172709615]
 [0.108087979]
 [0.00911415461]
 [0.0153736565]
 [0.0117200436]
 [0.00113223458]
 [0.00225113682]
 [0.00781138195]
 [0.000242677328]
 [0.004800105]
 [0.0255864412]
 [0.0192277413]
 [0.0261283778]
 [0.00907321088]
 [0.0179631822]
 [0.0609835535]
 [0.0132340435]
 [-0.00179443241]
 [0.0100112483]
 [0.0106284739]
 [0.00307466509]
 [0.00203039497]
 [-0.00288035511]
 [-0.00168315]
 [0.00507203676]
 [0.00388750527]
 [-0.00950474571]
 [0.0220514107]
 [-0.0101914881]
 [0.0049618776]
 [0.005875709]
 [0.000713679474]
 [0.00512060383]
 [0.00896052085]
 [0.0158008095]
 [0.000901779509]
 [0.00622846838]
 [0.0104426201]
 [-0.00489910692]
 [0.0121432682]
 [0.0113496752]
 [-0.000995545066]
 [0.0142771788]
 [0.0299588963]
 [-0.00399961183]
 [-0.00471273111]
 [0.00543441297]
 [0.0243011862]
 [0.0142069897]
 [0.044007197]
 [0.0028592227]
 [0.0205464214]
 [0.0173320472]
 [-0.00166611641]
 [0.0168960914]
 [0.017666962]
 [-0.00116242503]
 [-0.00161943072]
 [0.00212079799]
 [0.00888251048]
 [0.00552298315]
 [0.0184500273]
 [0.0010181159]
 [-0.00291192229]
 [0.0126436912]
 [0.00589074614]
 [0.0137473373]
 [0.0345668942]
 [0.0217127707]
 [0.0138072344]
 [0.00451220945]
 [0.00398281775]
 [0.00852624699]
 [0.0126727298]
 [-0.000899640145]
 [0.00233204337]
 [0.0281821322]
 [0.0109677743]
 [-0.000751919753]
 [0.00619205832]
 [0.000494287116]
 [-4.30047521e-07]
 [0.0107700136]
 [0.0149629666]
 [0.0167706572]
 [0.0367458835]
 [-0.0235082339]
 [0.0171994064]
 [0.00430702884]
 [0.0152855897]
 [-0.00404167874]
 [0.00655539194]
 [0.00724526029]
 [0.0127609065]
 [0.00629943]
 [0.0120916581]
 [0.0115457149]
 [0.0118259955]
 [0.0263545755]
 [0.00936210062]
 [0.0443476588]
 [0.00669554481]
 [0.0132710477]
 [0.0197936054]
 [0.00503357174]
 [0.0102898302]
 [0.00496154185]
 [-0.00428718748]
 [0.00392892351]
 [0.0164905116]
 [0.00887566898]
 [0.0038490335]
 [0.0245046634]
 [0.00886550918]
 [0.00696686748]
 [0.0241376143]
 [0.0220732745]
 [-0.00151141046]
 [-0.00228133029]
 [0.0127430893]
 [0.00481006131]
 [-0.0153624704]
 [0.0233145617]
 [0.0256162062]
 [0.00403477]
 [0.00718640629]
 [-0.00349664572]
 [0.0304600168]
 [0.00619853474]
 [0.00896629691]
 [0.00435197353]
 [-0.00217591878]
 [0.0252195932]
 [0.00600751163]
 [0.00302906986]
 [0.00476619881]]], [[[-0.108041614]
 [-0.0594038963]
 [-0.0475808196]
 [-0.0464231]
 [-0.0525096282]
 [-0.0386930406]
 [-0.0962212]
 [-0.0836092159]
 [-0.0696972907]
 [-0.069141686]
 [-0.111917153]
 [-0.0677850321]
 [-0.110986769]
 [-0.0840726]
 [-0.0776616484]
 [-0.0423154198]
 [-0.0772253871]
 [-0.0875889212]
 [-0.0774799809]
 [-0.092508696]
 [-0.113445565]
 [-0.0741206184]
 [-0.0409973152]
 [-0.0705617517]
 [-0.106260017]
 [-0.0785943344]
 [-0.0595817938]
 [-0.0765628815]
 [-0.0602666289]
 [-0.0621174537]
 [-0.0481813625]
 [-0.101353616]
 [-0.0831061527]
 [-0.121911928]
 [-0.0549806245]
 [-0.100525036]
 [-0.0907390714]
 [-0.0830867663]
 [-0.0795254]
 [-0.0475500599]
 [-0.0921713337]
 [-0.0869646668]
 [-0.22102043]
 [-0.0704874098]
 [-0.0936741829]
 [-0.0885592252]
 [-0.0455040745]
 [-0.0743197724]
 [-0.0962287709]
 [-0.0375315621]
 [-0.0798278451]
 [-0.0690548196]
 [-0.0795736089]
 [-0.091799]
 [-0.0694289207]
 [-0.092363663]
 [-0.0530643]
 [-0.0599286072]
 [-0.0795335919]
 [-0.0489515699]
 [-0.0625573769]
 [-0.0555552021]
 [-0.062638171]
 [-0.0717913061]
 [-0.0495045483]
 [-0.0960277766]
 [-0.0794599205]
 [-0.0789855197]
 [-0.0579815768]
 [-0.0943503603]
 [-0.0889575183]
 [-0.062312223]
 [-0.071200259]
 [-0.0576896369]
 [-0.238790795]
 [-0.0844802409]
 [-0.0716035441]
 [-0.105976693]
 [-0.0417511649]
 [-0.10881561]
 [-0.0688142702]
 [-0.0567256249]
 [-0.250748336]
 [-0.0588542856]
 [-0.0863568485]
 [-0.0631836057]
 [-0.0906096622]
 [-0.058986716]
 [-0.0938957]
 [-0.0888957903]
 [-0.0712552518]
 [-0.119298786]
 [-0.0946791098]
 [-0.0748022646]
 [-0.0688719451]
 [-0.0625057891]
 [-0.0721377805]
 [-0.0579547733]
 [-0.0857427046]
 [-0.0933753103]
 [-0.0747777745]
 [-0.0993728265]
 [-0.0784588382]
 [-0.0842550695]
 [-0.237898409]
 [-0.0878264]
 [-0.0392731279]
 [-0.0529343411]
 [-0.0758881271]
 [-0.0487742797]
 [-0.0671818256]
 [-0.078721635]
 [-0.0621760935]
 [-0.0910463706]
 [-0.0501449]
 [-0.249901041]
 [-0.0754663348]
 [-0.0733816549]
 [-0.0659069717]
 [-0.262198329]
 [-0.126198635]
 [-0.0999492109]
 [-0.100902349]
 [-0.0725897774]
 [-0.0902282447]
 [-0.223002821]
 [-0.29434]
 [-0.0784136]
 [-0.0797302425]
 [-0.102915175]
 [-0.115805149]
 [-0.0510488711]
 [-0.0915886313]
 [-0.0926699713]
 [-0.0912407488]
 [-0.0776928365]
 [-0.074359715]
 [-0.0278407559]
 [-0.112428047]
 [-0.0744110644]
 [-0.186674193]
 [-0.106317483]
 [-0.0353500023]
 [-0.0864730552]
 [-0.0296617839]
 [-0.0670729801]
 [-0.071746856]
 [-0.0974820331]
 [-0.0683502108]
 [-0.0853533]
 [-0.0592922978]
 [-0.0755762383]
 [-0.253666222]
 [-0.0634734184]
 [-0.127390712]
 [-0.0644018278]
 [-0.0837654322]
 [-0.106985241]
 [-0.0579107367]
 [-0.0842956901]
 [-0.0899823159]
 [-0.0643520728]
 [-0.0621214211]
 [-0.047072988]
 [-0.0314472914]
 [-0.054589089]
 [-0.0750957504]
 [-0.0715924799]
 [-0.0436569117]
 [-0.0789731145]
 [-0.0935973376]
 [-0.0997434407]
 [-0.0604446419]
 [-0.0563522615]
 [-0.0984952]
 [-0.0499757156]
 [-0.0540103391]
 [-0.107706852]
 [-0.0460321158]
 [-0.0819421411]
 [-0.0837496594]
 [-0.103814133]
 [-0.0790900588]
 [-0.0497269966]
 [-0.0778968558]
 [-0.0879886076]
 [-0.0557388291]
 [-0.0892369449]
 [-0.0563450158]
 [-0.125602603]
 [-0.10663902]
 [-0.0754951313]
 [-0.071588777]
 [-0.0859721377]
 [-0.0705723464]
 [-0.066963017]
 [-0.074425742]
 [-0.0959620699]
 [-0.0741146877]
 [-0.0466928184]
 [-0.0551628694]
 [-0.080179587]
 [-0.081488736]
 [-0.0807016268]
 [-0.0923427194]
 [-0.0629118904]
 [-0.0697764903]
 [-0.0706601888]
 [-0.0930571333]
 [-0.103264868]
 [-0.0829545185]
 [-0.0658296719]
 [-0.0665472299]
 [-0.118660577]
 [-0.103618145]
 [-0.0804103315]
 [-0.0712824389]
 [-0.055774793]
 [-0.216443121]
 [-0.101931259]
 [-0.0921338052]
 [-0.0990885347]
 [-0.0314184576]
 [-0.07330513]
 [-0.0682090148]
 [-0.0662494749]
 [-0.0907079279]
 [-0.0546055697]
 [-0.106748275]
 [-0.0677197352]
 [-0.0392576493]
 [-0.0442864038]
 [-0.0850353315]
 [-0.0753870681]
 [-0.0877034664]
 [-0.114832975]
 [-0.0749917701]
 [-0.0714768618]
 [-0.070956476]
 [-0.0524842851]
 [-0.0658175126]
 [-0.0987000391]
 [-0.0843407437]
 [-0.0788859]
 [-0.0855133608]
 [-0.037040513]
 [-0.0890000761]
 [-0.0795899108]
 [-0.0732443482]
 [-0.0774952397]
 [-0.0913532823]
 [-0.0645763129]
 [-0.303395033]
 [-0.078626737]
 [-0.0954433158]
 [-0.0900247395]
 [-0.0557369851]
 [-0.0648709759]
 [-0.0787838474]
 [-0.0628229082]
 [-0.0718283728]
 [-0.10775087]
 [-0.104719639]
 [-0.118445762]
 [-0.080262877]
 [-0.0963152722]
 [-0.21443516]
 [-0.0903679207]
 [-0.0406962596]
 [-0.0830622092]
 [-0.0836322308]
 [-0.0687665269]
 [-0.0406685397]
 [-0.0532129891]
 [-0.058510825]
 [-0.0687018931]
 [-0.0665826425]
 [-0.0867452547]
 [-0.102162927]
 [-0.0626365915]
 [-0.0671572462]
 [-0.0804686099]
 [-0.067922093]
 [-0.0521214195]
 [-0.0757770613]
 [-0.0922787]
 [-0.0486658476]
 [-0.0625366569]
 [-0.0813840181]
 [-0.111145556]
 [-0.0840377137]
 [-0.0855747685]
 [-0.0511494353]
 [-0.0869612917]
 [-0.118827522]
 [-0.0609980971]
 [-0.0366999283]
 [-0.0733246431]
 [-0.107396334]
 [-0.0864292309]
 [-0.141867459]
 [-0.0705703944]
 [-0.0996021107]
 [-0.0977994949]
 [-0.0548413023]
 [-0.0986446738]
 [-0.0919463933]
 [-0.0503556058]
 [-0.0684588924]
 [-0.0698842853]
 [-0.0821841061]
 [-0.0696803629]
 [-0.0979699]
 [-0.0592393]
 [-0.0360788144]
 [-0.0833369941]
 [-0.0675543]
 [-0.0905044749]
 [-0.162455857]
 [-0.105456121]
 [-0.0867725834]
 [-0.0774232745]
 [-0.0689765662]
 [-0.0797638521]
 [-0.0859213844]
 [-0.0584659688]
 [-0.0631763339]
 [-0.110024281]
 [-0.0827692822]
 [-0.0520874076]
 [-0.0704331696]
 [-0.0554380901]
 [-0.0367802978]
 [-0.086505793]
 [-0.0863283947]
 [-0.105575293]
 [-0.126641944]
 [-0.202727705]
 [-0.0966910347]
 [-0.0528785735]
 [-0.0894415379]
 [-0.0566973]
 [-0.0845490173]
 [-0.0785651878]
 [-0.0938282609]
 [-0.0731986165]
 [-0.0944254473]
 [-0.0865161]
 [-0.0839373469]
 [-0.110018864]
 [-0.0804006308]
 [-0.135579228]
 [-0.0714534298]
 [-0.0955113098]
 [-0.100497209]
 [-0.0698251799]
 [-0.0811252594]
 [-0.0725983605]
 [-0.0443932787]
 [-0.0648019239]
 [-0.195276126]
 [-0.074632369]
 [-0.0700230896]
 [-0.107523896]
 [-0.0830609575]
 [-0.0786446556]
 [-0.108732186]
 [-0.0991350561]
 [-0.0621252246]
 [-0.0511426106]
 [-0.0811627582]
 [-0.0667102411]
 [-0.192066476]
 [-0.105128288]
 [-0.222972]
 [-0.0730878]
 [-0.0625976101]
 [-0.061211329]
 [-0.117775805]
 [-0.0769474208]
 [-0.0755363703]
 [-0.0768657401]
 [-0.0453695767]
 [-0.107827805]
 [-0.0273809191]
 [-0.062096525]
 [-0.0611242019]]]], '///')
