([[[[0.117240697]
 [0.110270537]
 [0.146388009]
 [0.121711493]
 [0.106177062]
 [0.131137609]
 [0.108789198]
 [0.10660287]
 [0.113636121]
 [0.114586242]
 [0.131673276]
 [0.10698612]
 [0.121057004]
 [0.132534936]
 [0.116153963]
 [0.130240008]
 [0.18167305]
 [0.118049107]
 [0.148903176]
 [0.109558456]
 [0.112534896]
 [0.117700703]
 [0.174034715]
 [0.1260795]
 [0.111283578]
 [0.137095779]
 [0.175424501]
 [0.109979734]
 [0.114768311]
 [0.116134129]
 [0.112695217]
 [0.107449248]
 [0.125459313]
 [0.149820521]
 [0.100360602]
 [0.179038122]
 [0.123959392]
 [0.127701789]
 [0.109057128]
 [0.102472112]
 [0.131011188]
 [0.12779513]
 [0.104844816]
 [0.115979061]
 [0.12297903]
 [0.111095674]
 [0.151934847]
 [0.126136124]
 [0.118155524]
 [0.136311814]
 [0.160219207]
 [0.117828496]
 [0.123509571]
 [0.117339283]
 [0.102105729]
 [0.179399744]
 [0.111912124]
 [0.113522314]
 [0.111957423]
 [0.115681097]
 [0.138544291]
 [0.184306145]
 [0.149687022]
 [0.155036911]
 [0.122825734]
 [0.147204101]
 [0.111294441]
 [0.113707542]
 [0.123387314]
 [0.141564667]
 [0.150099978]
 [0.108622111]
 [0.107591733]
 [0.140613839]
 [0.126004145]
 [0.157169566]
 [0.124160655]
 [0.109800518]
 [0.127995282]
 [0.119156949]
 [0.121029414]
 [0.0925503522]
 [0.124981947]
 [0.151556447]
 [0.145591795]
 [0.121094592]
 [0.0966099948]
 [0.111637399]
 [0.118310452]
 [0.155682549]
 [0.125989348]
 [0.114835702]
 [0.148106664]
 [0.113517895]
 [0.10571146]
 [0.171627507]
 [0.157581374]
 [0.11738205]
 [0.11196018]
 [0.103599079]
 [0.110543817]
 [0.106037028]
 [0.151684374]
 [0.127478689]
 [0.11396499]
 [0.125653088]
 [0.134559989]
 [0.109153308]
 [0.117493458]
 [0.123485282]
 [0.112900734]
 [0.11649704]
 [0.125748083]
 [0.141549885]
 [0.115894392]
 [0.145646423]
 [0.112355]
 [0.173047185]
 [0.124142572]
 [0.12241783]
 [0.125048622]
 [0.151461676]
 [0.14067395]
 [0.115521953]
 [0.124789484]
 [0.122452028]
 [0.102858104]
 [0.160375059]
 [0.121692345]
 [0.101937167]
 [0.118256845]
 [0.131234929]
 [0.123120785]
 [0.120806783]
 [0.145845]
 [0.111284874]
 [0.104148492]
 [0.118041039]
 [0.103079818]
 [0.13789694]
 [0.125032753]
 [0.130025432]
 [0.121065035]
 [0.112187557]
 [0.114738293]
 [0.122592352]
 [0.105549857]
 [0.162410855]
 [0.135924757]
 [0.110234611]
 [0.115300409]
 [0.109190769]
 [0.113302559]
 [0.130190328]
 [0.11502108]
 [0.15102011]
 [0.150006324]
 [0.111619242]
 [0.149874255]
 [0.175895914]
 [0.11454279]
 [0.150723517]
 [0.138237476]
 [0.11960727]
 [0.111648113]
 [0.116574042]
 [0.112623729]
 [0.112530842]
 [0.0982459262]
 [0.118214801]
 [0.124595053]
 [0.143325418]
 [0.143545449]
 [0.141830638]
 [0.121210553]
 [0.107161663]
 [0.113056697]
 [0.163127482]
 [0.156790078]
 [0.137030467]
 [0.170523927]
 [0.105533689]
 [0.0993846133]
 [0.144306675]
 [0.106710158]
 [0.118769035]
 [0.114168473]
 [0.119422458]
 [0.10613849]
 [0.122031324]
 [0.136226773]
 [0.114848353]
 [0.182065308]
 [0.125310227]
 [0.10508009]
 [0.123999722]
 [0.116195843]
 [0.112323932]
 [0.133644179]
 [0.112231195]
 [0.128965035]
 [0.104712531]
 [0.125573814]
 [0.113358542]
 [0.121847428]
 [0.11713703]
 [0.108887851]
 [0.113347568]
 [0.114984944]
 [0.126345217]
 [0.14708215]
 [0.0986398533]
 [0.127030179]
 [0.0903949738]
 [0.115019649]
 [0.109347455]
 [0.13854824]
 [0.151755676]
 [0.121665813]
 [0.111337923]
 [0.129434913]
 [0.169050679]
 [0.112539917]
 [0.115227968]
 [0.12010017]
 [0.111964591]
 [0.140121803]
 [0.166689992]
 [0.0962883532]
 [0.116646625]
 [0.112361051]
 [0.153603613]
 [0.111490294]
 [0.138575137]
 [0.120249756]
 [0.121139966]
 [0.170520768]
 [0.156928271]
 [0.150234073]
 [0.115244083]
 [0.124804534]
 [0.147333875]
 [0.151292622]
 [0.125200644]
 [0.125467151]
 [0.189067647]
 [0.116130009]
 [0.115819171]
 [0.154693529]
 [0.125721931]
 [0.107088186]
 [0.116707213]
 [0.129024312]
 [0.124323063]
 [0.146431252]
 [0.129697487]
 [0.122604072]
 [0.140691951]
 [0.111941315]
 [0.117699854]
 [0.108633615]
 [0.124017164]
 [0.115485936]
 [0.117905654]
 [0.123014554]
 [0.107479163]
 [0.149513245]
 [0.111922026]
 [0.136291325]
 [0.16544126]
 [0.128991067]
 [0.126664147]
 [0.105202273]
 [0.0990348607]
 [0.128863603]
 [0.12059433]
 [0.103489682]
 [0.112107165]
 [0.140428841]
 [0.104818]
 [0.105128556]
 [0.126845166]
 [0.108887054]
 [0.137827322]
 [0.127683014]
 [0.124480635]
 [0.106970243]
 [0.115404204]
 [0.10954468]
 [0.132415235]
 [0.109325469]
 [0.102204248]
 [0.1158356]
 [0.123804428]
 [0.102417402]
 [0.128986165]
 [0.126649126]
 [0.117259324]
 [0.0918841958]
 [0.115989707]
 [0.131553799]
 [0.120815918]
 [0.119305477]
 [0.143512815]
 [0.138572916]
 [0.130221978]
 [0.115960978]
 [0.117670439]
 [0.131369784]
 [0.138437822]
 [0.146700844]
 [0.141434312]
 [0.113660224]
 [0.132054925]
 [0.113309242]
 [0.115038641]
 [0.112677917]
 [0.10848698]
 [0.11586301]
 [0.10605631]
 [0.149285987]
 [0.10716442]
 [0.11266055]
 [0.123241112]
 [0.114219792]
 [0.193612397]
 [0.133786902]
 [0.115533933]
 [0.106672972]
 [0.143435165]
 [0.114290573]
 [0.110279009]
 [0.125967592]
 [0.1291361]
 [0.0967772081]
 [0.104356594]
 [0.0970793664]
 [0.131448328]
 [0.104710139]
 [0.154469848]
 [0.109685794]
 [0.101971835]
 [0.105484523]
 [0.180108875]
 [0.119348794]
 [0.102541596]
 [0.11823836]
 [0.151439652]
 [0.106988639]
 [0.115841553]
 [0.127346918]
 [0.133538321]
 [0.185439542]
 [0.115991682]
 [0.111734979]
 [0.103885502]
 [0.148517326]
 [0.114827961]
 [0.137003779]
 [0.117883846]
 [0.150245309]
 [0.122765563]
 [0.122323073]
 [0.114558436]
 [0.120136455]
 [0.125682235]
 [0.15346083]
 [0.123211563]
 [0.106448784]
 [0.147716045]
 [0.112467229]
 [0.13019295]
 [0.12624307]
 [0.0966545194]
 [0.136524901]
 [0.165836602]
 [0.136341944]
 [0.112441823]
 [0.120479554]
 [0.152101561]
 [0.127871364]
 [0.185720742]
 [0.114127487]
 [0.125084758]
 [0.120182984]
 [0.152521864]
 [0.127000257]
 [0.109086074]
 [0.119238757]
 [0.110522464]
 [0.156912178]
 [0.127388254]
 [0.122453317]
 [0.123575792]
 [0.128618449]
 [0.117099479]
 [0.105892986]
 [0.115360238]
 [0.104285851]
 [0.144564435]
 [0.11657276]
 [0.154476449]
 [0.143259645]
 [0.107039906]
 [0.105410345]
 [0.161936805]
 [0.192673758]
 [0.123333551]
 [0.129529342]
 [0.107768364]
 [0.115948074]
 [0.103273623]
 [0.139142424]
 [0.121031284]
 [0.110735439]
 [0.121051051]
 [0.139935136]
 [0.104132958]
 [0.14037542]
 [0.118140563]
 [0.0993568823]
 [0.108995721]
 [0.14375256]
 [0.13365598]
 [0.131572381]
 [0.166912153]
 [0.109891243]
 [0.113895319]
 [0.115577199]
 [0.141896263]
 [0.14921762]
 [0.114436172]
 [0.116615362]
 [0.101354979]
 [0.122246705]
 [0.112016678]
 [0.111612819]
 [0.112925895]
 [0.125439763]
 [0.124569103]
 [0.118945926]
 [0.108824104]
 [0.101529084]
 [0.127049968]
 [0.128320143]
 [0.109693758]
 [0.121473104]
 [0.0980241075]
 [0.12988098]
 [0.120043032]
 [0.114842966]
 [0.115294]
 [0.106465578]
 [0.111592442]
 [0.145868182]
 [0.134913743]
 [0.117332317]
 [0.112593099]
 [0.118126541]
 [0.125102177]
 [0.107129]
 [0.105345115]
 [0.125536665]
 [0.124433257]
 [0.102780193]
 [0.106048211]
 [0.117947541]
 [0.141247168]
 [0.123953961]
 [0.109579712]
 [0.126258314]
 [0.111679614]
 [0.116746977]
 [0.120519027]
 [0.111570321]
 [0.119603828]
 [0.117438965]
 [0.121092252]
 [0.13952823]
 [0.104946099]
 [0.146851808]
 [0.108751372]
 [0.111426413]
 [0.129178122]
 [0.119584091]
 [0.113682024]
 [0.123071268]
 [0.113155253]
 [0.103570677]
 [0.130249009]
 [0.127292827]
 [0.142836705]
 [0.108445503]
 [0.153888017]
 [0.114439815]
 [0.131217703]
 [0.118975706]
 [0.170850128]
 [0.181633458]
 [0.143907025]
 [0.15123719]
 [0.110284328]
 [0.149757147]
 [0.11189945]
 [0.107711293]
 [0.11406637]
 [0.107446253]
 [0.157399878]
 [0.114520356]
 [0.109665625]
 [0.11820472]
 [0.106466025]]], [[[-0.00663396856]
 [-0.0188884828]
 [-0.013013673]
 [-0.0104456088]
 [-0.00960209593]
 [-0.0247453116]
 [-0.0115683218]
 [-0.0171905477]
 [-0.0185128655]
 [-0.0137040522]
 [-0.0236915089]
 [-0.0101709757]
 [-0.0080051776]
 [-0.0216484331]
 [-0.0281964019]
 [-0.00736658834]
 [-0.0612448156]
 [-0.0197366476]
 [-0.0547037758]
 [-0.010500934]
 [-0.012242943]
 [-0.0143955778]
 [-0.0163528938]
 [-0.0197134335]
 [-0.014167469]
 [-0.0149557684]
 [-0.0286912434]
 [-0.0173825473]
 [-0.0174628235]
 [-0.00869646948]
 [-0.0181728844]
 [-0.0123721398]
 [-0.0138226245]
 [-0.0177018028]
 [-0.0129629746]
 [-0.0283411145]
 [-0.00591243943]
 [-0.0192094408]
 [-0.0160559472]
 [-0.00788164]
 [-0.0173980985]
 [-0.0342736281]
 [-0.0135767581]
 [-0.00645040162]
 [-0.0122427726]
 [-0.0181204844]
 [-0.0237398054]
 [-0.0227257442]
 [-0.00686542643]
 [-0.0129403612]
 [-0.0138818929]
 [-0.0186638478]
 [-0.0187058076]
 [-0.0141445231]
 [-0.00758688105]
 [-0.0232499894]
 [-0.0199998]
 [-0.011481938]
 [-0.0182317216]
 [-0.00615943549]
 [-0.0232164245]
 [-0.0349854417]
 [-0.0733672306]
 [-0.0195449609]
 [-0.0106147518]
 [-0.0131195066]
 [-0.0180386472]
 [-0.019324977]
 [-0.0119125852]
 [-0.0149393324]
 [-0.0783974826]
 [-0.0190887619]
 [-0.0173452385]
 [-0.0229570922]
 [-0.0113302823]
 [-0.0186890755]
 [-0.0106510613]
 [-0.00897521619]
 [-0.0258600432]
 [-0.0153421434]
 [-0.0147726787]
 [-0.0113628982]
 [-0.0263718311]
 [-0.0906737074]
 [-0.00776735414]
 [-0.00758193806]
 [-0.00967627484]
 [-0.0122136166]
 [-0.0120744351]
 [-0.0106839752]
 [-0.0179176703]
 [-0.0350531489]
 [-0.0270285]
 [-0.0137211755]
 [-0.00870917644]
 [-0.0295497328]
 [-0.0163392164]
 [-0.0228616819]
 [-0.0136747267]
 [-0.0113650123]
 [-0.0161767192]
 [-0.013691959]
 [-0.0517798886]
 [-0.0300149638]
 [-0.0214203]
 [-0.0133323148]
 [-0.00288788043]
 [-0.00886206]
 [-0.0111555364]
 [-0.0265744105]
 [-0.0271499865]
 [-0.0161366053]
 [-0.0163729247]
 [-0.00867502]
 [-0.0225080904]
 [-0.00932052173]
 [-0.00449036714]
 [-0.0232780408]
 [-0.0244748406]
 [-0.018871136]
 [-0.00964324176]
 [-0.019367354]
 [-0.00919748]
 [-0.0132490285]
 [-0.0376052372]
 [-0.011053157]
 [-0.00846828707]
 [-0.0203978587]
 [-0.023288412]
 [-0.00799192209]
 [-0.0138256196]
 [-0.0154759455]
 [-0.0160689503]
 [-0.0263922289]
 [-0.0210811086]
 [-0.00496175699]
 [-0.00886947848]
 [-0.0179450922]
 [-0.0090987049]
 [-0.0150681259]
 [-0.0221181959]
 [-0.00929608196]
 [-0.0119481571]
 [-0.00908485893]
 [-0.0213924311]
 [-0.0169924255]
 [-0.00773848407]
 [-0.0116860736]
 [-0.0140177179]
 [-0.0193257257]
 [-0.0140548861]
 [-0.00996854808]
 [-0.0125968885]
 [-0.0256349668]
 [-0.0184168387]
 [-0.0129268123]
 [-0.0864014]
 [-0.0139339687]
 [-0.012778922]
 [-0.0231129937]
 [-0.0179198124]
 [-0.0122093298]
 [-0.00568642654]
 [-0.00773267401]
 [-0.0149175469]
 [-0.0180642493]
 [-0.00294994796]
 [-0.00915481802]
 [-0.0136143183]
 [-0.0158057325]
 [-0.0102163516]
 [-0.0225255601]
 [-0.0147263454]
 [-0.0184634868]
 [-0.0174370371]
 [-0.0169311054]
 [-0.0151149873]
 [-0.0154409865]
 [-0.0258918162]
 [-0.0201589447]
 [-0.0218281522]
 [-0.00718245283]
 [-0.0428998321]
 [-0.0057492163]
 [-0.00778892636]
 [-0.0143794473]
 [-0.0185328759]
 [-0.00581308734]
 [-0.0120685874]
 [-0.0122110965]
 [-0.0133123519]
 [-0.00914881]
 [-0.0332497135]
 [-0.0144026987]
 [-0.00640097912]
 [-0.00732936617]
 [-0.0215068478]
 [-0.00602696417]
 [-0.00957739633]
 [-0.00737708574]
 [-0.00945476908]
 [-0.00993641466]
 [-0.0242451094]
 [-0.0174110252]
 [-0.014026084]
 [-0.00896195788]
 [-0.0140208425]
 [-0.0207389146]
 [-0.0202337783]
 [-0.0118509457]
 [-0.0186885875]
 [-0.0286696125]
 [-0.0142095899]
 [-0.0205051452]
 [-0.00826698449]
 [-0.0103153083]
 [-0.0689064562]
 [-0.0195929296]
 [-0.0204934124]
 [-0.0277553089]
 [-0.0141559383]
 [-0.0157590806]
 [-0.00967766903]
 [-0.0113886567]
 [-0.00754382834]
 [-0.00654302817]
 [-0.0116748028]
 [-0.0174798]
 [-0.0127892103]
 [-0.0203087758]
 [-0.0261414666]
 [-0.061047297]
 [-0.00266374578]
 [-0.0203132983]
 [-0.0139436983]
 [-0.022720499]
 [-0.0255128294]
 [-0.011692591]
 [-0.0556247905]
 [-0.00951939356]
 [-0.0117915059]
 [-0.025909286]
 [-0.0490168631]
 [-0.0226933043]
 [-0.036759045]
 [-0.0333405249]
 [-0.0131116156]
 [-0.0236974526]
 [-0.0189621374]
 [-0.011966045]
 [-0.0212497171]
 [-0.0202908143]
 [-0.0213658456]
 [-0.011471686]
 [-0.0130165741]
 [-0.0223246459]
 [-0.0108371461]
 [-0.0203333944]
 [-0.00778701901]
 [-0.0134036103]
 [-0.0109726405]
 [-0.0203180555]
 [-0.0258402415]
 [-0.00563809741]
 [-0.0121973073]
 [-0.00554501172]
 [-0.0290416703]
 [-0.0303706974]
 [-0.0126542579]
 [-0.0179642159]
 [-0.0149595393]
 [-0.0194036979]
 [-0.0118947886]
 [-0.0148084732]
 [-0.0211670659]
 [-0.021552315]
 [-0.00933027174]
 [-0.0163181834]
 [-0.0268714577]
 [-0.0123497546]
 [-0.00491138035]
 [-0.0110864677]
 [-0.0109504815]
 [-0.0185408518]
 [-0.0213079341]
 [-0.0149123147]
 [-0.0250409842]
 [-0.00444350066]
 [-0.00491191307]
 [-0.00625319593]
 [-0.00397680886]
 [-0.0141992522]
 [-0.00747587578]
 [-0.0228527077]
 [-0.00847638585]
 [-0.0227095857]
 [-0.0241309684]
 [-0.0186376125]
 [-0.0265581235]
 [-0.0257967114]
 [-0.0167299155]
 [-0.0105386972]
 [-0.0210483856]
 [-0.0160042811]
 [-0.0283557456]
 [-0.0320796221]
 [-0.0108754775]
 [-0.00922842789]
 [-0.0401812121]
 [-0.00877133757]
 [-0.0177622233]
 [-0.0498054586]
 [-0.0132310269]
 [-0.0240391921]
 [-0.0226695258]
 [-0.0118544223]
 [-0.0112857427]
 [-0.00757167442]
 [-0.0273941383]
 [-0.013472002]
 [-0.0189060345]
 [-0.00730104791]
 [-0.0187156312]
 [-0.0162495375]
 [-0.0139292916]
 [-0.0350980237]
 [-0.0142921414]
 [-0.0124563519]
 [-0.0105902907]
 [-0.0724891722]
 [-0.0249689817]
 [-0.0160181206]
 [-0.0266794935]
 [-0.0161528476]
 [-0.0138386]
 [-0.0163366571]
 [-0.00403351104]
 [-0.00841670297]
 [-0.0113427602]
 [-0.0144551955]
 [-0.0137733733]
 [-0.0104279006]
 [-0.0107045183]
 [-0.0271863937]
 [-0.0105562136]
 [-0.012268492]
 [-0.0174062513]
 [-0.0832219496]
 [-0.00828483328]
 [-0.0152453808]
 [-0.0123111187]
 [-0.00711627118]
 [-0.0280042067]
 [-0.00484195258]
 [-0.00344411959]
 [-0.0123759517]
 [-0.0243277773]
 [-0.0169036817]
 [-0.0159251373]
 [-0.0120610427]
 [-0.0545046702]
 [-0.0167534258]
 [-0.0395085365]
 [-0.0365305692]
 [-0.0129037676]
 [-0.0184469372]
 [-0.0377429277]
 [-0.00730771]
 [-0.00672547333]
 [-0.0175665319]
 [-0.0156057235]
 [-0.0194650609]
 [-0.0162755568]
 [-0.0398246571]
 [-0.0155091556]
 [-0.162915558]
 [-0.011873927]
 [-0.00913758]
 [-0.00732873]
 [-0.0102216173]
 [-0.0232184753]
 [-0.0230070837]
 [-0.0152457654]
 [-0.0156958215]
 [-0.0319878347]
 [-0.0194349736]
 [-0.0176211353]
 [-0.0136042545]
 [-0.0143043734]
 [-0.00950640719]
 [-0.0250275712]
 [-0.0208490137]
 [-0.0165810548]
 [-0.0166543145]
 [-0.0387637094]
 [-0.0187949166]
 [-0.0109387506]
 [-0.0148292]
 [-0.0174697954]
 [-0.0176873636]
 [-0.0177260954]
 [-0.0102730058]
 [-0.0139845749]
 [-0.0100966096]
 [-0.00575383659]
 [-0.0189782567]
 [-0.0607172027]
 [-0.00703053828]
 [-0.00895991456]
 [-0.0121909892]
 [-0.0102062793]
 [-0.00958782807]
 [-0.030892605]
 [-0.0104352906]
 [-0.0277802441]
 [-0.0189006664]
 [-0.0151600288]
 [-0.0114210807]
 [-0.0286921076]
 [-0.0192526542]
 [-0.00652316678]
 [-0.014811215]
 [-0.0732905]
 [-0.023660114]
 [-0.0262068491]
 [-0.028160328]
 [-0.0132714054]
 [-0.0213509798]
 [-0.0125593403]
 [-0.0295383744]
 [-0.0215295143]
 [-0.0169040654]
 [-0.0189597923]
 [-0.0155340265]
 [-0.0232327599]
 [-0.0126852421]
 [-0.0106398156]
 [-0.00760794478]
 [-0.0105294082]
 [-0.0150357643]
 [-0.00838798843]
 [-0.0129005173]
 [-0.0129393348]
 [-0.0063278703]
 [-0.0102512864]
 [-0.0157141257]
 [-0.0173402932]
 [-0.0116688646]
 [-0.0274550673]
 [-0.0228643063]
 [-0.0127053903]
 [-0.01058455]
 [-0.00912777148]
 [-0.0207428876]
 [-0.0816693604]
 [-0.0159664098]
 [-0.0112062683]
 [-0.00406914577]
 [-0.00289794919]
 [-0.0269881748]
 [-0.0116263889]
 [-0.00940967817]
 [-0.0130646015]
 [-0.00705375569]
 [-0.00859307125]
 [-0.013618622]
 [-0.0114169624]
 [-0.0172500387]
 [-0.0173111744]
 [-0.00620031077]
 [-0.0183746759]
 [-0.0119475136]
 [-0.0123599479]
 [-0.0213270802]
 [-0.00348923029]
 [-0.0206249468]
 [-0.0117211565]
 [-0.00921592582]
 [-0.0154680265]
 [-0.0094939284]
 [-0.0849034563]
 [-0.00916136894]
 [-0.0115676764]
 [-0.00863123871]
 [-0.013709248]
 [-0.0127487]
 [-0.0177372713]
 [-0.0134877656]
 [-0.0188980587]
 [-0.0154632023]
 [-0.0284008961]
 [-0.0225212]
 [-0.0124433879]
 [-0.0139747551]
 [-0.0172116142]
 [-0.00867879]
 [-0.0158022977]
 [-0.0267805103]
 [-0.0205289051]
 [-0.0722820088]
 [-0.0990768448]
 [-0.0147412205]
 [-0.0228605699]
 [-0.0114006111]
 [-0.01602678]
 [-0.00852958206]
 [-0.00890109316]
 [-0.0145380767]
 [-0.00637467625]
 [-0.00673083123]
 [-0.0158709045]
 [-0.0150733851]]], [[[-0.00663396856]
 [-0.0188884828]
 [-0.013013673]
 [-0.0104456088]
 [-0.00960209593]
 [-0.0247453116]
 [-0.0115683218]
 [-0.0171905477]
 [-0.0185128655]
 [-0.0137040522]
 [-0.0236915089]
 [-0.0101709757]
 [-0.0080051776]
 [-0.0216484331]
 [-0.0281964019]
 [-0.00736658834]
 [-0.0612448156]
 [-0.0197366476]
 [-0.0547037758]
 [-0.010500934]
 [-0.012242943]
 [-0.0143955778]
 [-0.0163528938]
 [-0.0197134335]
 [-0.014167469]
 [-0.0149557684]
 [-0.0286912434]
 [-0.0173825473]
 [-0.0174628235]
 [-0.00869646948]
 [-0.0181728844]
 [-0.0123721398]
 [-0.0138226245]
 [-0.0177018028]
 [-0.0129629746]
 [-0.0283411145]
 [-0.00591243943]
 [-0.0192094408]
 [-0.0160559472]
 [-0.00788164]
 [-0.0173980985]
 [-0.0342736281]
 [-0.0135767581]
 [-0.00645040162]
 [-0.0122427726]
 [-0.0181204844]
 [-0.0237398054]
 [-0.0227257442]
 [-0.00686542643]
 [-0.0129403612]
 [-0.0138818929]
 [-0.0186638478]
 [-0.0187058076]
 [-0.0141445231]
 [-0.00758688105]
 [-0.0232499894]
 [-0.0199998]
 [-0.011481938]
 [-0.0182317216]
 [-0.00615943549]
 [-0.0232164245]
 [-0.0349854417]
 [-0.0733672306]
 [-0.0195449609]
 [-0.0106147518]
 [-0.0131195066]
 [-0.0180386472]
 [-0.019324977]
 [-0.0119125852]
 [-0.0149393324]
 [-0.0783974826]
 [-0.0190887619]
 [-0.0173452385]
 [-0.0229570922]
 [-0.0113302823]
 [-0.0186890755]
 [-0.0106510613]
 [-0.00897521619]
 [-0.0258600432]
 [-0.0153421434]
 [-0.0147726787]
 [-0.0113628982]
 [-0.0263718311]
 [-0.0906737074]
 [-0.00776735414]
 [-0.00758193806]
 [-0.00967627484]
 [-0.0122136166]
 [-0.0120744351]
 [-0.0106839752]
 [-0.0179176703]
 [-0.0350531489]
 [-0.0270285]
 [-0.0137211755]
 [-0.00870917644]
 [-0.0295497328]
 [-0.0163392164]
 [-0.0228616819]
 [-0.0136747267]
 [-0.0113650123]
 [-0.0161767192]
 [-0.013691959]
 [-0.0517798886]
 [-0.0300149638]
 [-0.0214203]
 [-0.0133323148]
 [-0.00288788043]
 [-0.00886206]
 [-0.0111555364]
 [-0.0265744105]
 [-0.0271499865]
 [-0.0161366053]
 [-0.0163729247]
 [-0.00867502]
 [-0.0225080904]
 [-0.00932052173]
 [-0.00449036714]
 [-0.0232780408]
 [-0.0244748406]
 [-0.018871136]
 [-0.00964324176]
 [-0.019367354]
 [-0.00919748]
 [-0.0132490285]
 [-0.0376052372]
 [-0.011053157]
 [-0.00846828707]
 [-0.0203978587]
 [-0.023288412]
 [-0.00799192209]
 [-0.0138256196]
 [-0.0154759455]
 [-0.0160689503]
 [-0.0263922289]
 [-0.0210811086]
 [-0.00496175699]
 [-0.00886947848]
 [-0.0179450922]
 [-0.0090987049]
 [-0.0150681259]
 [-0.0221181959]
 [-0.00929608196]
 [-0.0119481571]
 [-0.00908485893]
 [-0.0213924311]
 [-0.0169924255]
 [-0.00773848407]
 [-0.0116860736]
 [-0.0140177179]
 [-0.0193257257]
 [-0.0140548861]
 [-0.00996854808]
 [-0.0125968885]
 [-0.0256349668]
 [-0.0184168387]
 [-0.0129268123]
 [-0.0864014]
 [-0.0139339687]
 [-0.012778922]
 [-0.0231129937]
 [-0.0179198124]
 [-0.0122093298]
 [-0.00568642654]
 [-0.00773267401]
 [-0.0149175469]
 [-0.0180642493]
 [-0.00294994796]
 [-0.00915481802]
 [-0.0136143183]
 [-0.0158057325]
 [-0.0102163516]
 [-0.0225255601]
 [-0.0147263454]
 [-0.0184634868]
 [-0.0174370371]
 [-0.0169311054]
 [-0.0151149873]
 [-0.0154409865]
 [-0.0258918162]
 [-0.0201589447]
 [-0.0218281522]
 [-0.00718245283]
 [-0.0428998321]
 [-0.0057492163]
 [-0.00778892636]
 [-0.0143794473]
 [-0.0185328759]
 [-0.00581308734]
 [-0.0120685874]
 [-0.0122110965]
 [-0.0133123519]
 [-0.00914881]
 [-0.0332497135]
 [-0.0144026987]
 [-0.00640097912]
 [-0.00732936617]
 [-0.0215068478]
 [-0.00602696417]
 [-0.00957739633]
 [-0.00737708574]
 [-0.00945476908]
 [-0.00993641466]
 [-0.0242451094]
 [-0.0174110252]
 [-0.014026084]
 [-0.00896195788]
 [-0.0140208425]
 [-0.0207389146]
 [-0.0202337783]
 [-0.0118509457]
 [-0.0186885875]
 [-0.0286696125]
 [-0.0142095899]
 [-0.0205051452]
 [-0.00826698449]
 [-0.0103153083]
 [-0.0689064562]
 [-0.0195929296]
 [-0.0204934124]
 [-0.0277553089]
 [-0.0141559383]
 [-0.0157590806]
 [-0.00967766903]
 [-0.0113886567]
 [-0.00754382834]
 [-0.00654302817]
 [-0.0116748028]
 [-0.0174798]
 [-0.0127892103]
 [-0.0203087758]
 [-0.0261414666]
 [-0.061047297]
 [-0.00266374578]
 [-0.0203132983]
 [-0.0139436983]
 [-0.022720499]
 [-0.0255128294]
 [-0.011692591]
 [-0.0556247905]
 [-0.00951939356]
 [-0.0117915059]
 [-0.025909286]
 [-0.0490168631]
 [-0.0226933043]
 [-0.036759045]
 [-0.0333405249]
 [-0.0131116156]
 [-0.0236974526]
 [-0.0189621374]
 [-0.011966045]
 [-0.0212497171]
 [-0.0202908143]
 [-0.0213658456]
 [-0.011471686]
 [-0.0130165741]
 [-0.0223246459]
 [-0.0108371461]
 [-0.0203333944]
 [-0.00778701901]
 [-0.0134036103]
 [-0.0109726405]
 [-0.0203180555]
 [-0.0258402415]
 [-0.00563809741]
 [-0.0121973073]
 [-0.00554501172]
 [-0.0290416703]
 [-0.0303706974]
 [-0.0126542579]
 [-0.0179642159]
 [-0.0149595393]
 [-0.0194036979]
 [-0.0118947886]
 [-0.0148084732]
 [-0.0211670659]
 [-0.021552315]
 [-0.00933027174]
 [-0.0163181834]
 [-0.0268714577]
 [-0.0123497546]
 [-0.00491138035]
 [-0.0110864677]
 [-0.0109504815]
 [-0.0185408518]
 [-0.0213079341]
 [-0.0149123147]
 [-0.0250409842]
 [-0.00444350066]
 [-0.00491191307]
 [-0.00625319593]
 [-0.00397680886]
 [-0.0141992522]
 [-0.00747587578]
 [-0.0228527077]
 [-0.00847638585]
 [-0.0227095857]
 [-0.0241309684]
 [-0.0186376125]
 [-0.0265581235]
 [-0.0257967114]
 [-0.0167299155]
 [-0.0105386972]
 [-0.0210483856]
 [-0.0160042811]
 [-0.0283557456]
 [-0.0320796221]
 [-0.0108754775]
 [-0.00922842789]
 [-0.0401812121]
 [-0.00877133757]
 [-0.0177622233]
 [-0.0498054586]
 [-0.0132310269]
 [-0.0240391921]
 [-0.0226695258]
 [-0.0118544223]
 [-0.0112857427]
 [-0.00757167442]
 [-0.0273941383]
 [-0.013472002]
 [-0.0189060345]
 [-0.00730104791]
 [-0.0187156312]
 [-0.0162495375]
 [-0.0139292916]
 [-0.0350980237]
 [-0.0142921414]
 [-0.0124563519]
 [-0.0105902907]
 [-0.0724891722]
 [-0.0249689817]
 [-0.0160181206]
 [-0.0266794935]
 [-0.0161528476]
 [-0.0138386]
 [-0.0163366571]
 [-0.00403351104]
 [-0.00841670297]
 [-0.0113427602]
 [-0.0144551955]
 [-0.0137733733]
 [-0.0104279006]
 [-0.0107045183]
 [-0.0271863937]
 [-0.0105562136]
 [-0.012268492]
 [-0.0174062513]
 [-0.0832219496]
 [-0.00828483328]
 [-0.0152453808]
 [-0.0123111187]
 [-0.00711627118]
 [-0.0280042067]
 [-0.00484195258]
 [-0.00344411959]
 [-0.0123759517]
 [-0.0243277773]
 [-0.0169036817]
 [-0.0159251373]
 [-0.0120610427]
 [-0.0545046702]
 [-0.0167534258]
 [-0.0395085365]
 [-0.0365305692]
 [-0.0129037676]
 [-0.0184469372]
 [-0.0377429277]
 [-0.00730771]
 [-0.00672547333]
 [-0.0175665319]
 [-0.0156057235]
 [-0.0194650609]
 [-0.0162755568]
 [-0.0398246571]
 [-0.0155091556]
 [-0.162915558]
 [-0.011873927]
 [-0.00913758]
 [-0.00732873]
 [-0.0102216173]
 [-0.0232184753]
 [-0.0230070837]
 [-0.0152457654]
 [-0.0156958215]
 [-0.0319878347]
 [-0.0194349736]
 [-0.0176211353]
 [-0.0136042545]
 [-0.0143043734]
 [-0.00950640719]
 [-0.0250275712]
 [-0.0208490137]
 [-0.0165810548]
 [-0.0166543145]
 [-0.0387637094]
 [-0.0187949166]
 [-0.0109387506]
 [-0.0148292]
 [-0.0174697954]
 [-0.0176873636]
 [-0.0177260954]
 [-0.0102730058]
 [-0.0139845749]
 [-0.0100966096]
 [-0.00575383659]
 [-0.0189782567]
 [-0.0607172027]
 [-0.00703053828]
 [-0.00895991456]
 [-0.0121909892]
 [-0.0102062793]
 [-0.00958782807]
 [-0.030892605]
 [-0.0104352906]
 [-0.0277802441]
 [-0.0189006664]
 [-0.0151600288]
 [-0.0114210807]
 [-0.0286921076]
 [-0.0192526542]
 [-0.00652316678]
 [-0.014811215]
 [-0.0732905]
 [-0.023660114]
 [-0.0262068491]
 [-0.028160328]
 [-0.0132714054]
 [-0.0213509798]
 [-0.0125593403]
 [-0.0295383744]
 [-0.0215295143]
 [-0.0169040654]
 [-0.0189597923]
 [-0.0155340265]
 [-0.0232327599]
 [-0.0126852421]
 [-0.0106398156]
 [-0.00760794478]
 [-0.0105294082]
 [-0.0150357643]
 [-0.00838798843]
 [-0.0129005173]
 [-0.0129393348]
 [-0.0063278703]
 [-0.0102512864]
 [-0.0157141257]
 [-0.0173402932]
 [-0.0116688646]
 [-0.0274550673]
 [-0.0228643063]
 [-0.0127053903]
 [-0.01058455]
 [-0.00912777148]
 [-0.0207428876]
 [-0.0816693604]
 [-0.0159664098]
 [-0.0112062683]
 [-0.00406914577]
 [-0.00289794919]
 [-0.0269881748]
 [-0.0116263889]
 [-0.00940967817]
 [-0.0130646015]
 [-0.00705375569]
 [-0.00859307125]
 [-0.013618622]
 [-0.0114169624]
 [-0.0172500387]
 [-0.0173111744]
 [-0.00620031077]
 [-0.0183746759]
 [-0.0119475136]
 [-0.0123599479]
 [-0.0213270802]
 [-0.00348923029]
 [-0.0206249468]
 [-0.0117211565]
 [-0.00921592582]
 [-0.0154680265]
 [-0.0094939284]
 [-0.0849034563]
 [-0.00916136894]
 [-0.0115676764]
 [-0.00863123871]
 [-0.013709248]
 [-0.0127487]
 [-0.0177372713]
 [-0.0134877656]
 [-0.0188980587]
 [-0.0154632023]
 [-0.0284008961]
 [-0.0225212]
 [-0.0124433879]
 [-0.0139747551]
 [-0.0172116142]
 [-0.00867879]
 [-0.0158022977]
 [-0.0267805103]
 [-0.0205289051]
 [-0.0722820088]
 [-0.0990768448]
 [-0.0147412205]
 [-0.0228605699]
 [-0.0114006111]
 [-0.01602678]
 [-0.00852958206]
 [-0.00890109316]
 [-0.0145380767]
 [-0.00637467625]
 [-0.00673083123]
 [-0.0158709045]
 [-0.0150733851]]], [[[-0.00663396856]
 [-0.0188884828]
 [-0.013013673]
 [-0.0104456088]
 [-0.00960209593]
 [-0.0247453116]
 [-0.0115683218]
 [-0.0171905477]
 [-0.0185128655]
 [-0.0137040522]
 [-0.0236915089]
 [-0.0101709757]
 [-0.0080051776]
 [-0.0216484331]
 [-0.0281964019]
 [-0.00736658834]
 [-0.0612448156]
 [-0.0197366476]
 [-0.0547037758]
 [-0.010500934]
 [-0.012242943]
 [-0.0143955778]
 [-0.0163528938]
 [-0.0197134335]
 [-0.014167469]
 [-0.0149557684]
 [-0.0286912434]
 [-0.0173825473]
 [-0.0174628235]
 [-0.00869646948]
 [-0.0181728844]
 [-0.0123721398]
 [-0.0138226245]
 [-0.0177018028]
 [-0.0129629746]
 [-0.0283411145]
 [-0.00591243943]
 [-0.0192094408]
 [-0.0160559472]
 [-0.00788164]
 [-0.0173980985]
 [-0.0342736281]
 [-0.0135767581]
 [-0.00645040162]
 [-0.0122427726]
 [-0.0181204844]
 [-0.0237398054]
 [-0.0227257442]
 [-0.00686542643]
 [-0.0129403612]
 [-0.0138818929]
 [-0.0186638478]
 [-0.0187058076]
 [-0.0141445231]
 [-0.00758688105]
 [-0.0232499894]
 [-0.0199998]
 [-0.011481938]
 [-0.0182317216]
 [-0.00615943549]
 [-0.0232164245]
 [-0.0349854417]
 [-0.0733672306]
 [-0.0195449609]
 [-0.0106147518]
 [-0.0131195066]
 [-0.0180386472]
 [-0.019324977]
 [-0.0119125852]
 [-0.0149393324]
 [-0.0783974826]
 [-0.0190887619]
 [-0.0173452385]
 [-0.0229570922]
 [-0.0113302823]
 [-0.0186890755]
 [-0.0106510613]
 [-0.00897521619]
 [-0.0258600432]
 [-0.0153421434]
 [-0.0147726787]
 [-0.0113628982]
 [-0.0263718311]
 [-0.0906737074]
 [-0.00776735414]
 [-0.00758193806]
 [-0.00967627484]
 [-0.0122136166]
 [-0.0120744351]
 [-0.0106839752]
 [-0.0179176703]
 [-0.0350531489]
 [-0.0270285]
 [-0.0137211755]
 [-0.00870917644]
 [-0.0295497328]
 [-0.0163392164]
 [-0.0228616819]
 [-0.0136747267]
 [-0.0113650123]
 [-0.0161767192]
 [-0.013691959]
 [-0.0517798886]
 [-0.0300149638]
 [-0.0214203]
 [-0.0133323148]
 [-0.00288788043]
 [-0.00886206]
 [-0.0111555364]
 [-0.0265744105]
 [-0.0271499865]
 [-0.0161366053]
 [-0.0163729247]
 [-0.00867502]
 [-0.0225080904]
 [-0.00932052173]
 [-0.00449036714]
 [-0.0232780408]
 [-0.0244748406]
 [-0.018871136]
 [-0.00964324176]
 [-0.019367354]
 [-0.00919748]
 [-0.0132490285]
 [-0.0376052372]
 [-0.011053157]
 [-0.00846828707]
 [-0.0203978587]
 [-0.023288412]
 [-0.00799192209]
 [-0.0138256196]
 [-0.0154759455]
 [-0.0160689503]
 [-0.0263922289]
 [-0.0210811086]
 [-0.00496175699]
 [-0.00886947848]
 [-0.0179450922]
 [-0.0090987049]
 [-0.0150681259]
 [-0.0221181959]
 [-0.00929608196]
 [-0.0119481571]
 [-0.00908485893]
 [-0.0213924311]
 [-0.0169924255]
 [-0.00773848407]
 [-0.0116860736]
 [-0.0140177179]
 [-0.0193257257]
 [-0.0140548861]
 [-0.00996854808]
 [-0.0125968885]
 [-0.0256349668]
 [-0.0184168387]
 [-0.0129268123]
 [-0.0864014]
 [-0.0139339687]
 [-0.012778922]
 [-0.0231129937]
 [-0.0179198124]
 [-0.0122093298]
 [-0.00568642654]
 [-0.00773267401]
 [-0.0149175469]
 [-0.0180642493]
 [-0.00294994796]
 [-0.00915481802]
 [-0.0136143183]
 [-0.0158057325]
 [-0.0102163516]
 [-0.0225255601]
 [-0.0147263454]
 [-0.0184634868]
 [-0.0174370371]
 [-0.0169311054]
 [-0.0151149873]
 [-0.0154409865]
 [-0.0258918162]
 [-0.0201589447]
 [-0.0218281522]
 [-0.00718245283]
 [-0.0428998321]
 [-0.0057492163]
 [-0.00778892636]
 [-0.0143794473]
 [-0.0185328759]
 [-0.00581308734]
 [-0.0120685874]
 [-0.0122110965]
 [-0.0133123519]
 [-0.00914881]
 [-0.0332497135]
 [-0.0144026987]
 [-0.00640097912]
 [-0.00732936617]
 [-0.0215068478]
 [-0.00602696417]
 [-0.00957739633]
 [-0.00737708574]
 [-0.00945476908]
 [-0.00993641466]
 [-0.0242451094]
 [-0.0174110252]
 [-0.014026084]
 [-0.00896195788]
 [-0.0140208425]
 [-0.0207389146]
 [-0.0202337783]
 [-0.0118509457]
 [-0.0186885875]
 [-0.0286696125]
 [-0.0142095899]
 [-0.0205051452]
 [-0.00826698449]
 [-0.0103153083]
 [-0.0689064562]
 [-0.0195929296]
 [-0.0204934124]
 [-0.0277553089]
 [-0.0141559383]
 [-0.0157590806]
 [-0.00967766903]
 [-0.0113886567]
 [-0.00754382834]
 [-0.00654302817]
 [-0.0116748028]
 [-0.0174798]
 [-0.0127892103]
 [-0.0203087758]
 [-0.0261414666]
 [-0.061047297]
 [-0.00266374578]
 [-0.0203132983]
 [-0.0139436983]
 [-0.022720499]
 [-0.0255128294]
 [-0.011692591]
 [-0.0556247905]
 [-0.00951939356]
 [-0.0117915059]
 [-0.025909286]
 [-0.0490168631]
 [-0.0226933043]
 [-0.036759045]
 [-0.0333405249]
 [-0.0131116156]
 [-0.0236974526]
 [-0.0189621374]
 [-0.011966045]
 [-0.0212497171]
 [-0.0202908143]
 [-0.0213658456]
 [-0.011471686]
 [-0.0130165741]
 [-0.0223246459]
 [-0.0108371461]
 [-0.0203333944]
 [-0.00778701901]
 [-0.0134036103]
 [-0.0109726405]
 [-0.0203180555]
 [-0.0258402415]
 [-0.00563809741]
 [-0.0121973073]
 [-0.00554501172]
 [-0.0290416703]
 [-0.0303706974]
 [-0.0126542579]
 [-0.0179642159]
 [-0.0149595393]
 [-0.0194036979]
 [-0.0118947886]
 [-0.0148084732]
 [-0.0211670659]
 [-0.021552315]
 [-0.00933027174]
 [-0.0163181834]
 [-0.0268714577]
 [-0.0123497546]
 [-0.00491138035]
 [-0.0110864677]
 [-0.0109504815]
 [-0.0185408518]
 [-0.0213079341]
 [-0.0149123147]
 [-0.0250409842]
 [-0.00444350066]
 [-0.00491191307]
 [-0.00625319593]
 [-0.00397680886]
 [-0.0141992522]
 [-0.00747587578]
 [-0.0228527077]
 [-0.00847638585]
 [-0.0227095857]
 [-0.0241309684]
 [-0.0186376125]
 [-0.0265581235]
 [-0.0257967114]
 [-0.0167299155]
 [-0.0105386972]
 [-0.0210483856]
 [-0.0160042811]
 [-0.0283557456]
 [-0.0320796221]
 [-0.0108754775]
 [-0.00922842789]
 [-0.0401812121]
 [-0.00877133757]
 [-0.0177622233]
 [-0.0498054586]
 [-0.0132310269]
 [-0.0240391921]
 [-0.0226695258]
 [-0.0118544223]
 [-0.0112857427]
 [-0.00757167442]
 [-0.0273941383]
 [-0.013472002]
 [-0.0189060345]
 [-0.00730104791]
 [-0.0187156312]
 [-0.0162495375]
 [-0.0139292916]
 [-0.0350980237]
 [-0.0142921414]
 [-0.0124563519]
 [-0.0105902907]
 [-0.0724891722]
 [-0.0249689817]
 [-0.0160181206]
 [-0.0266794935]
 [-0.0161528476]
 [-0.0138386]
 [-0.0163366571]
 [-0.00403351104]
 [-0.00841670297]
 [-0.0113427602]
 [-0.0144551955]
 [-0.0137733733]
 [-0.0104279006]
 [-0.0107045183]
 [-0.0271863937]
 [-0.0105562136]
 [-0.012268492]
 [-0.0174062513]
 [-0.0832219496]
 [-0.00828483328]
 [-0.0152453808]
 [-0.0123111187]
 [-0.00711627118]
 [-0.0280042067]
 [-0.00484195258]
 [-0.00344411959]
 [-0.0123759517]
 [-0.0243277773]
 [-0.0169036817]
 [-0.0159251373]
 [-0.0120610427]
 [-0.0545046702]
 [-0.0167534258]
 [-0.0395085365]
 [-0.0365305692]
 [-0.0129037676]
 [-0.0184469372]
 [-0.0377429277]
 [-0.00730771]
 [-0.00672547333]
 [-0.0175665319]
 [-0.0156057235]
 [-0.0194650609]
 [-0.0162755568]
 [-0.0398246571]
 [-0.0155091556]
 [-0.162915558]
 [-0.011873927]
 [-0.00913758]
 [-0.00732873]
 [-0.0102216173]
 [-0.0232184753]
 [-0.0230070837]
 [-0.0152457654]
 [-0.0156958215]
 [-0.0319878347]
 [-0.0194349736]
 [-0.0176211353]
 [-0.0136042545]
 [-0.0143043734]
 [-0.00950640719]
 [-0.0250275712]
 [-0.0208490137]
 [-0.0165810548]
 [-0.0166543145]
 [-0.0387637094]
 [-0.0187949166]
 [-0.0109387506]
 [-0.0148292]
 [-0.0174697954]
 [-0.0176873636]
 [-0.0177260954]
 [-0.0102730058]
 [-0.0139845749]
 [-0.0100966096]
 [-0.00575383659]
 [-0.0189782567]
 [-0.0607172027]
 [-0.00703053828]
 [-0.00895991456]
 [-0.0121909892]
 [-0.0102062793]
 [-0.00958782807]
 [-0.030892605]
 [-0.0104352906]
 [-0.0277802441]
 [-0.0189006664]
 [-0.0151600288]
 [-0.0114210807]
 [-0.0286921076]
 [-0.0192526542]
 [-0.00652316678]
 [-0.014811215]
 [-0.0732905]
 [-0.023660114]
 [-0.0262068491]
 [-0.028160328]
 [-0.0132714054]
 [-0.0213509798]
 [-0.0125593403]
 [-0.0295383744]
 [-0.0215295143]
 [-0.0169040654]
 [-0.0189597923]
 [-0.0155340265]
 [-0.0232327599]
 [-0.0126852421]
 [-0.0106398156]
 [-0.00760794478]
 [-0.0105294082]
 [-0.0150357643]
 [-0.00838798843]
 [-0.0129005173]
 [-0.0129393348]
 [-0.0063278703]
 [-0.0102512864]
 [-0.0157141257]
 [-0.0173402932]
 [-0.0116688646]
 [-0.0274550673]
 [-0.0228643063]
 [-0.0127053903]
 [-0.01058455]
 [-0.00912777148]
 [-0.0207428876]
 [-0.0816693604]
 [-0.0159664098]
 [-0.0112062683]
 [-0.00406914577]
 [-0.00289794919]
 [-0.0269881748]
 [-0.0116263889]
 [-0.00940967817]
 [-0.0130646015]
 [-0.00705375569]
 [-0.00859307125]
 [-0.013618622]
 [-0.0114169624]
 [-0.0172500387]
 [-0.0173111744]
 [-0.00620031077]
 [-0.0183746759]
 [-0.0119475136]
 [-0.0123599479]
 [-0.0213270802]
 [-0.00348923029]
 [-0.0206249468]
 [-0.0117211565]
 [-0.00921592582]
 [-0.0154680265]
 [-0.0094939284]
 [-0.0849034563]
 [-0.00916136894]
 [-0.0115676764]
 [-0.00863123871]
 [-0.013709248]
 [-0.0127487]
 [-0.0177372713]
 [-0.0134877656]
 [-0.0188980587]
 [-0.0154632023]
 [-0.0284008961]
 [-0.0225212]
 [-0.0124433879]
 [-0.0139747551]
 [-0.0172116142]
 [-0.00867879]
 [-0.0158022977]
 [-0.0267805103]
 [-0.0205289051]
 [-0.0722820088]
 [-0.0990768448]
 [-0.0147412205]
 [-0.0228605699]
 [-0.0114006111]
 [-0.01602678]
 [-0.00852958206]
 [-0.00890109316]
 [-0.0145380767]
 [-0.00637467625]
 [-0.00673083123]
 [-0.0158709045]
 [-0.0150733851]]]], '///')
([[[[0.123880923]
 [0.127074]
 [0.104936711]
 [0.129945]
 [0.15124619]
 [0.117411211]
 [0.119129039]
 [0.111656256]
 [0.119470567]
 [0.128069967]
 [0.108870089]
 [0.116101325]
 [0.102717899]
 [0.177167132]
 [0.105066597]
 [0.129059091]
 [0.114681929]
 [0.113534853]
 [0.11350733]
 [0.105699576]
 [0.118314467]
 [0.1242636]
 [0.14671123]
 [0.11294236]
 [0.121465608]
 [0.117222421]
 [0.11771816]
 [0.115110159]
 [0.131571203]
 [0.0964151]
 [0.126631662]
 [0.123392433]
 [0.134022146]
 [0.116064183]
 [0.129227027]
 [0.125748575]
 [0.103592664]
 [0.117173523]
 [0.107195012]
 [0.120986424]
 [0.112929136]
 [0.110112809]
 [0.114833854]
 [0.126140252]
 [0.127114505]
 [0.124538735]
 [0.106424615]
 [0.115701348]
 [0.122877769]
 [0.108908936]
 [0.111847341]
 [0.119983226]
 [0.119056426]
 [0.116017133]
 [0.143049479]
 [0.146807179]
 [0.130738243]
 [0.116763055]
 [0.116136834]
 [0.124621183]
 [0.133704975]
 [0.12982513]
 [0.117977902]
 [0.118864194]
 [0.164663926]
 [0.108894795]
 [0.115171202]
 [0.119912244]
 [0.125418112]
 [0.10184513]
 [0.119106092]
 [0.116134852]
 [0.119549789]
 [0.113576435]
 [0.116080858]
 [0.149148673]
 [0.14368467]
 [0.156529143]
 [0.110366151]
 [0.120254152]
 [0.114780046]
 [0.109342396]
 [0.163428769]
 [0.170618057]
 [0.122818753]
 [0.154720694]
 [0.124678463]
 [0.113730967]
 [0.108736172]
 [0.147783875]
 [0.175530925]
 [0.112007849]
 [0.124165952]
 [0.126664042]
 [0.100241989]
 [0.102441937]
 [0.132215142]
 [0.144521222]
 [0.113432974]
 [0.126495749]
 [0.110844404]
 [0.14029485]
 [0.110328972]
 [0.12520887]
 [0.159974217]
 [0.11674574]
 [0.125250518]
 [0.110864602]
 [0.158016011]
 [0.154460788]
 [0.10881231]
 [0.136845291]
 [0.141592205]
 [0.109794661]
 [0.189141393]
 [0.138540104]
 [0.173950195]
 [0.120937608]
 [0.147744521]
 [0.102280788]
 [0.165692419]
 [0.187883168]
 [0.12561129]
 [0.136775628]
 [0.154913023]
 [0.111758851]
 [0.103025436]
 [0.118520968]
 [0.121750422]
 [0.11723993]
 [0.13268584]
 [0.112066269]
 [0.119345896]
 [0.139659941]
 [0.1091405]
 [0.123243667]
 [0.129071414]
 [0.147142768]
 [0.111008927]
 [0.149471685]
 [0.146547213]
 [0.101748139]
 [0.112312466]
 [0.110550106]
 [0.131035209]
 [0.134334]
 [0.168513253]
 [0.121907651]
 [0.112021245]
 [0.116191976]
 [0.157582417]
 [0.147098422]
 [0.132386938]
 [0.0988047794]
 [0.108580284]
 [0.130331695]
 [0.113167629]
 [0.111553669]
 [0.110373162]
 [0.128156707]
 [0.105275765]
 [0.109222233]
 [0.120827615]
 [0.150756434]
 [0.142546788]
 [0.160331652]
 [0.151071087]
 [0.129508302]
 [0.132253528]
 [0.123472482]
 [0.12851271]
 [0.144478798]
 [0.113038704]
 [0.12288902]
 [0.0982559398]
 [0.120050088]
 [0.124313027]
 [0.111775458]
 [0.110419437]
 [0.105137408]
 [0.122048967]
 [0.130584091]
 [0.109917782]
 [0.12622267]
 [0.117535263]
 [0.124909334]
 [0.12143448]
 [0.13489452]
 [0.118805669]
 [0.12532936]
 [0.110989377]
 [0.0969046205]
 [0.110026382]
 [0.115974598]
 [0.150472835]
 [0.124137141]
 [0.12077529]
 [0.138923734]
 [0.153166309]
 [0.122968979]
 [0.15439412]
 [0.121252492]
 [0.129151493]
 [0.107157439]
 [0.125411302]
 [0.141169801]
 [0.125510827]
 [0.130469814]
 [0.140609011]
 [0.180189282]
 [0.153223082]
 [0.12526831]
 [0.117410392]
 [0.113777637]
 [0.12669903]
 [0.121085778]
 [0.173192635]
 [0.142603725]
 [0.120933458]
 [0.126324385]
 [0.125009969]
 [0.131688878]
 [0.11468479]
 [0.118237644]
 [0.108720303]
 [0.105037972]
 [0.117639653]
 [0.128716812]
 [0.123844251]
 [0.0975236148]
 [0.145788193]
 [0.163969055]
 [0.128258765]
 [0.145353809]
 [0.119334638]
 [0.12086346]
 [0.10488449]
 [0.109689333]
 [0.107532308]
 [0.144749627]
 [0.119003087]
 [0.100486547]
 [0.153020144]
 [0.137717202]
 [0.105501384]
 [0.117970541]
 [0.116437815]
 [0.114198253]
 [0.0969705135]
 [0.15491879]
 [0.115702294]
 [0.101735823]
 [0.107722796]
 [0.188061029]
 [0.112038039]
 [0.144649312]
 [0.131501853]
 [0.107265607]
 [0.125705048]
 [0.112783231]
 [0.112867773]
 [0.117804676]
 [0.113118269]
 [0.114361972]
 [0.110485107]
 [0.117363304]
 [0.166931704]
 [0.106421448]
 [0.120920584]
 [0.136687651]
 [0.104695357]
 [0.107084252]
 [0.109709784]
 [0.126587361]
 [0.110421009]
 [0.104737304]
 [0.119348653]
 [0.122765653]
 [0.135468364]
 [0.128099397]
 [0.14367719]
 [0.142568126]
 [0.122750528]
 [0.113677643]
 [0.10860426]
 [0.123116992]
 [0.161253169]
 [0.153492317]
 [0.119670823]
 [0.109178439]
 [0.119063482]
 [0.140157506]
 [0.100645915]
 [0.116099663]
 [0.168765411]
 [0.119470447]
 [0.107471578]
 [0.101272434]
 [0.123348616]
 [0.165005594]
 [0.136047974]
 [0.124489382]
 [0.105454691]
 [0.110727921]
 [0.108110696]
 [0.10904076]
 [0.139782652]
 [0.109429292]
 [0.13865599]
 [0.130055606]
 [0.110635035]
 [0.12226814]
 [0.10021311]
 [0.114979155]
 [0.130799592]
 [0.12394397]
 [0.17385979]
 [0.131062925]
 [0.148436159]
 [0.136320695]
 [0.106675]
 [0.101391524]
 [0.129264727]
 [0.120708883]
 [0.0983045846]
 [0.106040195]
 [0.170991346]
 [0.107336804]
 [0.112135559]
 [0.119536728]
 [0.124855585]
 [0.143050611]
 [0.101430438]
 [0.115504533]
 [0.12269944]
 [0.121215619]
 [0.176779613]
 [0.114972956]
 [0.124495506]
 [0.116034359]
 [0.11432907]
 [0.12009301]
 [0.125857338]
 [0.116375372]
 [0.12758261]
 [0.106003113]
 [0.102185041]
 [0.106627263]
 [0.130235747]
 [0.121219307]
 [0.172267]
 [0.109550476]
 [0.107319146]
 [0.126468077]
 [0.112529904]
 [0.127506658]
 [0.102957614]
 [0.10278675]
 [0.127671152]
 [0.13683635]
 [0.13889727]
 [0.116709992]
 [0.112052098]
 [0.120481141]
 [0.11125467]
 [0.117104165]
 [0.140983894]
 [0.151452959]
 [0.12034]
 [0.121856965]
 [0.134759441]
 [0.117318973]
 [0.143287733]
 [0.121995337]
 [0.122740746]
 [0.1275509]
 [0.108420223]
 [0.10585922]
 [0.122004382]
 [0.125389352]
 [0.12493775]
 [0.108027667]
 [0.127076641]
 [0.121534459]
 [0.172063068]
 [0.151252374]
 [0.120191701]
 [0.142729238]
 [0.163566664]
 [0.121937409]
 [0.116257042]
 [0.11935696]
 [0.117647879]
 [0.116149463]
 [0.108048722]
 [0.102885477]
 [0.119157277]
 [0.119550511]
 [0.141687274]
 [0.128017947]
 [0.125252202]
 [0.130851924]
 [0.147789016]
 [0.104804061]
 [0.109162256]
 [0.140713543]
 [0.137113556]
 [0.14985621]
 [0.126627311]
 [0.101255588]
 [0.102370679]
 [0.128790587]
 [0.108051911]
 [0.128561139]
 [0.142016217]
 [0.117997758]
 [0.172462046]
 [0.137353018]
 [0.120178372]
 [0.173983231]
 [0.109850943]
 [0.116566069]
 [0.130270883]
 [0.114052713]
 [0.128426373]
 [0.14272286]
 [0.119896919]
 [0.13693051]
 [0.118892983]
 [0.111800596]
 [0.157580525]
 [0.123661608]
 [0.123029917]
 [0.116703413]
 [0.115960605]
 [0.143848911]
 [0.103291549]
 [0.121069983]
 [0.11148867]
 [0.10700532]
 [0.088968046]
 [0.117476895]
 [0.149179459]
 [0.119872987]
 [0.118845016]
 [0.107563913]
 [0.106372699]
 [0.0974542424]
 [0.111116774]
 [0.112827033]
 [0.115970038]
 [0.112859018]
 [0.152309299]
 [0.125152811]
 [0.116872847]
 [0.134837806]
 [0.101005524]
 [0.119518355]
 [0.164414674]
 [0.169505]
 [0.112269595]
 [0.0942994282]
 [0.147087321]
 [0.139751494]
 [0.115230769]
 [0.111721128]
 [0.113167115]
 [0.190101549]
 [0.11704237]
 [0.126896471]
 [0.127896696]
 [0.131192535]
 [0.111573368]
 [0.108050868]
 [0.139671788]
 [0.123154357]
 [0.108303092]
 [0.115561821]
 [0.164244309]
 [0.134627774]
 [0.115963362]
 [0.0949093252]
 [0.121493071]
 [0.152527601]
 [0.134550735]
 [0.121090829]
 [0.108578101]
 [0.117529877]
 [0.119750157]
 [0.135524094]
 [0.135460794]
 [0.122283421]
 [0.194548905]
 [0.182679668]
 [0.137263894]
 [0.132203013]
 [0.118454956]
 [0.114518873]
 [0.113852262]
 [0.123784602]
 [0.102350563]
 [0.104789697]
 [0.101490781]
 [0.103984602]
 [0.121135578]
 [0.111166142]
 [0.113737881]
 [0.11314553]
 [0.112072572]
 [0.163441584]
 [0.110044368]
 [0.111221731]]], [[[-0.0191257689]
 [-0.0162418503]
 [-0.00398177281]
 [-0.0172187183]
 [-0.0711346716]
 [-0.0581540577]
 [-0.0190338809]
 [-0.00778026599]
 [-0.0126705356]
 [-0.0176076703]
 [-0.0170149468]
 [-0.00539819663]
 [-0.00835637376]
 [-0.0226513222]
 [-0.020397611]
 [-0.0186980609]
 [-0.0121692745]
 [-0.0116898511]
 [-0.0156998318]
 [-0.00495348219]
 [-0.0178345647]
 [-0.0112332655]
 [-0.0764475092]
 [-0.0114288684]
 [-0.0250251535]
 [-0.00892841723]
 [-0.00470767543]
 [-0.00997233577]
 [-0.022982778]
 [-0.0596903935]
 [-0.0232939906]
 [-0.0277025085]
 [-0.0283257533]
 [-0.0210210141]
 [-0.0171829481]
 [-0.012603363]
 [-0.0077805589]
 [-0.0100690685]
 [-0.0114995623]
 [-0.0255037919]
 [-0.00605161674]
 [-0.00491987215]
 [-0.0117340377]
 [-0.0264638737]
 [-0.00693909]
 [-0.0200263839]
 [-0.0374283269]
 [-0.0150818443]
 [-0.0153070167]
 [-0.0118627641]
 [-0.0136191975]
 [-0.0152952559]
 [-0.00660171499]
 [-0.0162204523]
 [-0.0464322865]
 [-0.0175507292]
 [-0.00994735584]
 [-0.0140036587]
 [-0.0136619378]
 [-0.00759312324]
 [-0.0291422121]
 [-0.016867213]
 [-0.0121131651]
 [-0.0261552092]
 [-0.0329628363]
 [-0.0146494564]
 [-0.0134420274]
 [-0.00918067]
 [-0.0094710812]
 [-0.0128256222]
 [-0.0138598559]
 [-0.024464231]
 [-0.0177926011]
 [-0.0206248332]
 [-0.0142027978]
 [-0.0733451098]
 [-0.0165308192]
 [-0.0224175267]
 [-0.0129502658]
 [-0.0290740486]
 [-0.0122613907]
 [-0.0162353]
 [-0.131013274]
 [-0.024018541]
 [-0.010648232]
 [-0.0118010696]
 [-0.0151421335]
 [-0.0203541853]
 [-0.0123393098]
 [-0.0132042905]
 [-0.0297326427]
 [-0.0147523331]
 [-0.0210669953]
 [-0.0108197359]
 [-0.0121581629]
 [-0.00831440557]
 [-0.0196010806]
 [-0.0189820789]
 [-0.0168797057]
 [-0.0429265127]
 [-0.00952377729]
 [-0.0252867937]
 [-0.0118415169]
 [-0.0130581]
 [-0.017709773]
 [-0.0118903229]
 [-0.0160278864]
 [-0.00917407591]
 [-0.0133408057]
 [-0.0116456626]
 [-0.0106435232]
 [-0.016479142]
 [-0.015703477]
 [-0.00835370086]
 [-0.0355008058]
 [-0.0134313544]
 [-0.0252960585]
 [-0.016850356]
 [-0.0562313758]
 [-0.0157276336]
 [-0.0143828848]
 [-0.0282030161]
 [-0.027887065]
 [-0.0193829555]
 [-0.0160772521]
 [-0.020730285]
 [-0.0203726813]
 [-0.0211764202]
 [-0.0209059473]
 [-0.0148629071]
 [-0.0150234401]
 [-0.0173978787]
 [-0.0161042195]
 [-0.0681405813]
 [-0.00442338781]
 [-0.0135828517]
 [-0.00735388137]
 [-0.0160226505]
 [-0.0128284022]
 [-0.0129482271]
 [-0.0553492829]
 [-0.0100116562]
 [-0.0163260922]
 [-0.00813761]
 [-0.0115262736]
 [-0.0152445529]
 [-0.0221926253]
 [-0.0106549077]
 [-0.00748729473]
 [-0.0229094196]
 [-0.0154303228]
 [-0.0435247049]
 [-0.0158540066]
 [-0.00647011865]
 [-0.0071760253]
 [-0.00738999201]
 [-0.00385135179]
 [-0.00924286805]
 [-0.0177271534]
 [-0.0140486201]
 [-0.0102122901]
 [-0.021578012]
 [-0.0106899021]
 [-0.0254655704]
 [-0.0244070832]
 [-0.0143303992]
 [-0.0957120359]
 [-0.0119035458]
 [-0.0142773939]
 [-0.0196497664]
 [-0.0156395379]
 [-0.0155058475]
 [-0.00461806636]
 [-0.0142311845]
 [-0.0084455125]
 [-0.00894061476]
 [-0.0168042015]
 [-0.00922479]
 [-0.0131540867]
 [-0.00646803575]
 [-0.022964621]
 [-0.012890487]
 [-0.0106380582]
 [-0.0162528269]
 [-0.0225608721]
 [-0.019057285]
 [-0.00416845502]
 [-0.0255976636]
 [-0.0141753759]
 [-0.00692029111]
 [-0.00920824893]
 [-0.039587494]
 [-0.00770827]
 [-0.0220229011]
 [-0.0217764]
 [-0.0220883433]
 [-0.0155626154]
 [-0.00960464682]
 [-0.0756583959]
 [-0.00775087113]
 [-0.0194163658]
 [-0.0139040565]
 [-0.014958919]
 [-0.00779105537]
 [-0.0246985201]
 [-0.0144595029]
 [-0.00863667391]
 [-0.0194527395]
 [-0.00879749283]
 [-0.0174385663]
 [-0.0123735834]
 [-0.0171817485]
 [-0.0140974615]
 [-0.0129777119]
 [-0.0156582836]
 [-0.0300103407]
 [-0.0142160328]
 [-0.0152416686]
 [-0.0151054356]
 [-0.0138035212]
 [-0.00798574649]
 [-0.0144146923]
 [-0.0170193966]
 [-0.0160372034]
 [-0.0176972989]
 [-0.00323899393]
 [-0.0159572065]
 [-0.0213940237]
 [-0.0186878536]
 [-0.019109685]
 [-0.0146168079]
 [-0.12329416]
 [-0.0170277543]
 [-0.0621752888]
 [-0.0201499946]
 [-0.00724558951]
 [-0.0186842717]
 [-0.00737977168]
 [-0.0133836819]
 [-0.0292599108]
 [-0.0217017122]
 [-0.00722332345]
 [-0.0254246369]
 [-0.0105630187]
 [-0.01696424]
 [-0.0181411859]
 [-0.0447536558]
 [-0.0185522754]
 [-0.0103460811]
 [-0.0132371401]
 [-0.00931508094]
 [-0.00578478]
 [-0.0119193168]
 [-0.026846271]
 [-0.0228565559]
 [-0.05965]
 [-0.0321711078]
 [-0.0030947011]
 [-0.0134126786]
 [-0.007556]
 [-0.0245575961]
 [-0.0277310181]
 [-0.0191593748]
 [-0.012542801]
 [-0.0107836938]
 [-0.0273513943]
 [-0.0217644852]
 [-0.0177629702]
 [-0.00956374221]
 [-0.0267841332]
 [-0.0155265974]
 [-0.0114477137]
 [-0.0106421709]
 [-0.0143069439]
 [-0.021097431]
 [-0.00786098093]
 [-0.0139722871]
 [-0.0290470459]
 [-0.0166951269]
 [-0.015442919]
 [-0.0157038812]
 [-0.014549464]
 [-0.0449011661]
 [-0.0132487165]
 [-0.0148467347]
 [-0.0178255215]
 [-0.0133407032]
 [-0.0113216816]
 [-0.0126395198]
 [-0.0118722236]
 [-0.00531278085]
 [-0.0188540779]
 [-0.00997321215]
 [-0.0229319055]
 [-0.0172838587]
 [-0.0157098062]
 [-0.00851405598]
 [-0.011294229]
 [-0.012097504]
 [-0.0145235602]
 [-0.0073201512]
 [-0.0223580766]
 [-0.0287542231]
 [-0.0131866559]
 [-0.0348394401]
 [-0.0168492422]
 [-0.0361361876]
 [-0.0170071479]
 [-0.00548193]
 [-0.015157328]
 [-0.0146923801]
 [-0.0283619016]
 [-0.0124713043]
 [-0.0205337349]
 [-0.0342790373]
 [-0.010331993]
 [-0.0181247219]
 [-0.0355202071]
 [-0.00931166764]
 [-0.00912552141]
 [-0.00780163938]
 [-0.00915316865]
 [-0.0127554163]
 [-0.0102924835]
 [-0.00241473946]
 [-0.0182520822]
 [-0.0204155501]
 [-0.0116957184]
 [-0.0106581058]
 [-0.0143190315]
 [-0.0266872495]
 [-0.0514222]
 [-0.0109305521]
 [-0.0228069834]
 [-0.00628915662]
 [-0.0229043681]
 [-0.0167691689]
 [-0.00954926107]
 [-0.00976035465]
 [-0.00944334548]
 [-0.0187788978]
 [-0.0175973158]
 [-0.00893935189]
 [-0.00623637484]
 [-0.0137174074]
 [-0.0129164625]
 [-0.0193458088]
 [-0.0166402049]
 [-0.0134818964]
 [-0.0236165691]
 [-0.018554341]
 [-0.00694822893]
 [-0.0102916695]
 [-0.0222365316]
 [-0.0169855691]
 [-0.0180882066]
 [-0.0144537808]
 [-0.0151705695]
 [-0.0273341425]
 [-0.0156271197]
 [-0.0131779099]
 [-0.0142025221]
 [-0.0101357391]
 [-0.0083821388]
 [-0.00536635891]
 [-0.0353555307]
 [-0.0695981532]
 [-0.078981705]
 [-0.0128413728]
 [-0.0115386974]
 [-0.00869490299]
 [-0.0304863136]
 [-0.0170856044]
 [-0.0144440401]
 [-0.022892924]
 [-0.0238493774]
 [-0.0083409138]
 [-0.0143319145]
 [-0.0108619891]
 [-0.00918495096]
 [-0.0398333631]
 [-0.0171439033]
 [-0.0103935031]
 [-0.0214649979]
 [-0.0159500949]
 [-0.0118015502]
 [-0.0118644759]
 [-0.0190995261]
 [-0.0183695201]
 [-0.0124006839]
 [-0.0167222]
 [-0.0117027164]
 [-0.0151111865]
 [-0.00813741889]
 [-0.00925363]
 [-0.0115176728]
 [-0.0172122624]
 [-0.00953459]
 [-0.0191790611]
 [-0.00820230879]
 [-0.0157145914]
 [-0.013815417]
 [-0.016344]
 [-0.0175341927]
 [-0.00623552268]
 [-0.069293119]
 [-0.0147759952]
 [-0.100576706]
 [-0.0101213865]
 [-0.00939371064]
 [-0.01194782]
 [-0.0148498379]
 [-0.0173692163]
 [-0.0121160373]
 [-0.02182246]
 [-0.00989777781]
 [-0.0202700216]
 [-0.0116399042]
 [-0.0202872474]
 [-0.017930923]
 [-0.0112665724]
 [-0.00387264905]
 [-0.0110207358]
 [-0.00921277143]
 [-0.0192017052]
 [-0.00904237945]
 [-0.0198759828]
 [-0.0402797237]
 [-0.0131685231]
 [-0.0085383]
 [-0.143452257]
 [-0.00907714292]
 [-0.0233774781]
 [-0.00847316068]
 [-0.020191431]
 [-0.0145529648]
 [-0.00824351422]
 [-0.00416458305]
 [-0.0196105279]
 [-0.0130599905]
 [-0.0134188356]
 [-0.00654879]
 [-0.0544545837]
 [-0.0223342106]
 [-0.0117069613]
 [-0.00562698208]
 [-0.00926248915]
 [-0.011749289]
 [-0.00873355754]
 [-0.0124121821]
 [-0.0174837131]
 [-0.0170640144]
 [-0.0124131348]
 [-0.0295553301]
 [-0.0104714064]
 [-0.0175482854]
 [-0.0405995399]
 [-0.0115558151]
 [-0.011314027]
 [-0.016411338]
 [-0.0107347779]
 [-0.00841649808]
 [-0.00813411642]
 [-0.0194520857]
 [-0.0102776634]
 [-0.00688922033]
 [-0.00764704356]
 [-0.0330874138]
 [-0.0122229187]
 [-0.00913521554]
 [-0.0178842]
 [-0.0169034116]
 [-0.0168307051]
 [-0.00692964811]
 [-0.0178660434]
 [-0.020258408]
 [-0.0130628394]
 [-0.0175631568]
 [-0.00870926492]
 [-0.0168305077]
 [-0.0159707181]
 [-0.0162444282]
 [-0.019103989]
 [-0.0195418112]
 [-0.0285673]
 [-0.023746701]
 [-0.0185386203]
 [-0.0215421822]
 [-0.0157043915]
 [-0.0241755489]
 [-0.0113407345]
 [-0.0160654727]
 [-0.0465595238]
 [-0.0273524579]
 [-0.0127717974]
 [-0.0154433493]
 [-0.00830004644]
 [-0.0190479532]
 [-0.0157458428]
 [-0.0154549209]
 [-0.00695256423]
 [-0.0142247174]
 [-0.0331703573]
 [-0.0132156406]
 [-0.0108343922]
 [-0.00797275454]
 [-0.00972905289]
 [-0.0110501479]
 [-0.0126699219]
 [-0.0151120732]
 [-0.0153674195]
 [-0.00810479559]]], [[[-0.0191257689]
 [-0.0162418503]
 [-0.00398177281]
 [-0.0172187183]
 [-0.0711346716]
 [-0.0581540577]
 [-0.0190338809]
 [-0.00778026599]
 [-0.0126705356]
 [-0.0176076703]
 [-0.0170149468]
 [-0.00539819663]
 [-0.00835637376]
 [-0.0226513222]
 [-0.020397611]
 [-0.0186980609]
 [-0.0121692745]
 [-0.0116898511]
 [-0.0156998318]
 [-0.00495348219]
 [-0.0178345647]
 [-0.0112332655]
 [-0.0764475092]
 [-0.0114288684]
 [-0.0250251535]
 [-0.00892841723]
 [-0.00470767543]
 [-0.00997233577]
 [-0.022982778]
 [-0.0596903935]
 [-0.0232939906]
 [-0.0277025085]
 [-0.0283257533]
 [-0.0210210141]
 [-0.0171829481]
 [-0.012603363]
 [-0.0077805589]
 [-0.0100690685]
 [-0.0114995623]
 [-0.0255037919]
 [-0.00605161674]
 [-0.00491987215]
 [-0.0117340377]
 [-0.0264638737]
 [-0.00693909]
 [-0.0200263839]
 [-0.0374283269]
 [-0.0150818443]
 [-0.0153070167]
 [-0.0118627641]
 [-0.0136191975]
 [-0.0152952559]
 [-0.00660171499]
 [-0.0162204523]
 [-0.0464322865]
 [-0.0175507292]
 [-0.00994735584]
 [-0.0140036587]
 [-0.0136619378]
 [-0.00759312324]
 [-0.0291422121]
 [-0.016867213]
 [-0.0121131651]
 [-0.0261552092]
 [-0.0329628363]
 [-0.0146494564]
 [-0.0134420274]
 [-0.00918067]
 [-0.0094710812]
 [-0.0128256222]
 [-0.0138598559]
 [-0.024464231]
 [-0.0177926011]
 [-0.0206248332]
 [-0.0142027978]
 [-0.0733451098]
 [-0.0165308192]
 [-0.0224175267]
 [-0.0129502658]
 [-0.0290740486]
 [-0.0122613907]
 [-0.0162353]
 [-0.131013274]
 [-0.024018541]
 [-0.010648232]
 [-0.0118010696]
 [-0.0151421335]
 [-0.0203541853]
 [-0.0123393098]
 [-0.0132042905]
 [-0.0297326427]
 [-0.0147523331]
 [-0.0210669953]
 [-0.0108197359]
 [-0.0121581629]
 [-0.00831440557]
 [-0.0196010806]
 [-0.0189820789]
 [-0.0168797057]
 [-0.0429265127]
 [-0.00952377729]
 [-0.0252867937]
 [-0.0118415169]
 [-0.0130581]
 [-0.017709773]
 [-0.0118903229]
 [-0.0160278864]
 [-0.00917407591]
 [-0.0133408057]
 [-0.0116456626]
 [-0.0106435232]
 [-0.016479142]
 [-0.015703477]
 [-0.00835370086]
 [-0.0355008058]
 [-0.0134313544]
 [-0.0252960585]
 [-0.016850356]
 [-0.0562313758]
 [-0.0157276336]
 [-0.0143828848]
 [-0.0282030161]
 [-0.027887065]
 [-0.0193829555]
 [-0.0160772521]
 [-0.020730285]
 [-0.0203726813]
 [-0.0211764202]
 [-0.0209059473]
 [-0.0148629071]
 [-0.0150234401]
 [-0.0173978787]
 [-0.0161042195]
 [-0.0681405813]
 [-0.00442338781]
 [-0.0135828517]
 [-0.00735388137]
 [-0.0160226505]
 [-0.0128284022]
 [-0.0129482271]
 [-0.0553492829]
 [-0.0100116562]
 [-0.0163260922]
 [-0.00813761]
 [-0.0115262736]
 [-0.0152445529]
 [-0.0221926253]
 [-0.0106549077]
 [-0.00748729473]
 [-0.0229094196]
 [-0.0154303228]
 [-0.0435247049]
 [-0.0158540066]
 [-0.00647011865]
 [-0.0071760253]
 [-0.00738999201]
 [-0.00385135179]
 [-0.00924286805]
 [-0.0177271534]
 [-0.0140486201]
 [-0.0102122901]
 [-0.021578012]
 [-0.0106899021]
 [-0.0254655704]
 [-0.0244070832]
 [-0.0143303992]
 [-0.0957120359]
 [-0.0119035458]
 [-0.0142773939]
 [-0.0196497664]
 [-0.0156395379]
 [-0.0155058475]
 [-0.00461806636]
 [-0.0142311845]
 [-0.0084455125]
 [-0.00894061476]
 [-0.0168042015]
 [-0.00922479]
 [-0.0131540867]
 [-0.00646803575]
 [-0.022964621]
 [-0.012890487]
 [-0.0106380582]
 [-0.0162528269]
 [-0.0225608721]
 [-0.019057285]
 [-0.00416845502]
 [-0.0255976636]
 [-0.0141753759]
 [-0.00692029111]
 [-0.00920824893]
 [-0.039587494]
 [-0.00770827]
 [-0.0220229011]
 [-0.0217764]
 [-0.0220883433]
 [-0.0155626154]
 [-0.00960464682]
 [-0.0756583959]
 [-0.00775087113]
 [-0.0194163658]
 [-0.0139040565]
 [-0.014958919]
 [-0.00779105537]
 [-0.0246985201]
 [-0.0144595029]
 [-0.00863667391]
 [-0.0194527395]
 [-0.00879749283]
 [-0.0174385663]
 [-0.0123735834]
 [-0.0171817485]
 [-0.0140974615]
 [-0.0129777119]
 [-0.0156582836]
 [-0.0300103407]
 [-0.0142160328]
 [-0.0152416686]
 [-0.0151054356]
 [-0.0138035212]
 [-0.00798574649]
 [-0.0144146923]
 [-0.0170193966]
 [-0.0160372034]
 [-0.0176972989]
 [-0.00323899393]
 [-0.0159572065]
 [-0.0213940237]
 [-0.0186878536]
 [-0.019109685]
 [-0.0146168079]
 [-0.12329416]
 [-0.0170277543]
 [-0.0621752888]
 [-0.0201499946]
 [-0.00724558951]
 [-0.0186842717]
 [-0.00737977168]
 [-0.0133836819]
 [-0.0292599108]
 [-0.0217017122]
 [-0.00722332345]
 [-0.0254246369]
 [-0.0105630187]
 [-0.01696424]
 [-0.0181411859]
 [-0.0447536558]
 [-0.0185522754]
 [-0.0103460811]
 [-0.0132371401]
 [-0.00931508094]
 [-0.00578478]
 [-0.0119193168]
 [-0.026846271]
 [-0.0228565559]
 [-0.05965]
 [-0.0321711078]
 [-0.0030947011]
 [-0.0134126786]
 [-0.007556]
 [-0.0245575961]
 [-0.0277310181]
 [-0.0191593748]
 [-0.012542801]
 [-0.0107836938]
 [-0.0273513943]
 [-0.0217644852]
 [-0.0177629702]
 [-0.00956374221]
 [-0.0267841332]
 [-0.0155265974]
 [-0.0114477137]
 [-0.0106421709]
 [-0.0143069439]
 [-0.021097431]
 [-0.00786098093]
 [-0.0139722871]
 [-0.0290470459]
 [-0.0166951269]
 [-0.015442919]
 [-0.0157038812]
 [-0.014549464]
 [-0.0449011661]
 [-0.0132487165]
 [-0.0148467347]
 [-0.0178255215]
 [-0.0133407032]
 [-0.0113216816]
 [-0.0126395198]
 [-0.0118722236]
 [-0.00531278085]
 [-0.0188540779]
 [-0.00997321215]
 [-0.0229319055]
 [-0.0172838587]
 [-0.0157098062]
 [-0.00851405598]
 [-0.011294229]
 [-0.012097504]
 [-0.0145235602]
 [-0.0073201512]
 [-0.0223580766]
 [-0.0287542231]
 [-0.0131866559]
 [-0.0348394401]
 [-0.0168492422]
 [-0.0361361876]
 [-0.0170071479]
 [-0.00548193]
 [-0.015157328]
 [-0.0146923801]
 [-0.0283619016]
 [-0.0124713043]
 [-0.0205337349]
 [-0.0342790373]
 [-0.010331993]
 [-0.0181247219]
 [-0.0355202071]
 [-0.00931166764]
 [-0.00912552141]
 [-0.00780163938]
 [-0.00915316865]
 [-0.0127554163]
 [-0.0102924835]
 [-0.00241473946]
 [-0.0182520822]
 [-0.0204155501]
 [-0.0116957184]
 [-0.0106581058]
 [-0.0143190315]
 [-0.0266872495]
 [-0.0514222]
 [-0.0109305521]
 [-0.0228069834]
 [-0.00628915662]
 [-0.0229043681]
 [-0.0167691689]
 [-0.00954926107]
 [-0.00976035465]
 [-0.00944334548]
 [-0.0187788978]
 [-0.0175973158]
 [-0.00893935189]
 [-0.00623637484]
 [-0.0137174074]
 [-0.0129164625]
 [-0.0193458088]
 [-0.0166402049]
 [-0.0134818964]
 [-0.0236165691]
 [-0.018554341]
 [-0.00694822893]
 [-0.0102916695]
 [-0.0222365316]
 [-0.0169855691]
 [-0.0180882066]
 [-0.0144537808]
 [-0.0151705695]
 [-0.0273341425]
 [-0.0156271197]
 [-0.0131779099]
 [-0.0142025221]
 [-0.0101357391]
 [-0.0083821388]
 [-0.00536635891]
 [-0.0353555307]
 [-0.0695981532]
 [-0.078981705]
 [-0.0128413728]
 [-0.0115386974]
 [-0.00869490299]
 [-0.0304863136]
 [-0.0170856044]
 [-0.0144440401]
 [-0.022892924]
 [-0.0238493774]
 [-0.0083409138]
 [-0.0143319145]
 [-0.0108619891]
 [-0.00918495096]
 [-0.0398333631]
 [-0.0171439033]
 [-0.0103935031]
 [-0.0214649979]
 [-0.0159500949]
 [-0.0118015502]
 [-0.0118644759]
 [-0.0190995261]
 [-0.0183695201]
 [-0.0124006839]
 [-0.0167222]
 [-0.0117027164]
 [-0.0151111865]
 [-0.00813741889]
 [-0.00925363]
 [-0.0115176728]
 [-0.0172122624]
 [-0.00953459]
 [-0.0191790611]
 [-0.00820230879]
 [-0.0157145914]
 [-0.013815417]
 [-0.016344]
 [-0.0175341927]
 [-0.00623552268]
 [-0.069293119]
 [-0.0147759952]
 [-0.100576706]
 [-0.0101213865]
 [-0.00939371064]
 [-0.01194782]
 [-0.0148498379]
 [-0.0173692163]
 [-0.0121160373]
 [-0.02182246]
 [-0.00989777781]
 [-0.0202700216]
 [-0.0116399042]
 [-0.0202872474]
 [-0.017930923]
 [-0.0112665724]
 [-0.00387264905]
 [-0.0110207358]
 [-0.00921277143]
 [-0.0192017052]
 [-0.00904237945]
 [-0.0198759828]
 [-0.0402797237]
 [-0.0131685231]
 [-0.0085383]
 [-0.143452257]
 [-0.00907714292]
 [-0.0233774781]
 [-0.00847316068]
 [-0.020191431]
 [-0.0145529648]
 [-0.00824351422]
 [-0.00416458305]
 [-0.0196105279]
 [-0.0130599905]
 [-0.0134188356]
 [-0.00654879]
 [-0.0544545837]
 [-0.0223342106]
 [-0.0117069613]
 [-0.00562698208]
 [-0.00926248915]
 [-0.011749289]
 [-0.00873355754]
 [-0.0124121821]
 [-0.0174837131]
 [-0.0170640144]
 [-0.0124131348]
 [-0.0295553301]
 [-0.0104714064]
 [-0.0175482854]
 [-0.0405995399]
 [-0.0115558151]
 [-0.011314027]
 [-0.016411338]
 [-0.0107347779]
 [-0.00841649808]
 [-0.00813411642]
 [-0.0194520857]
 [-0.0102776634]
 [-0.00688922033]
 [-0.00764704356]
 [-0.0330874138]
 [-0.0122229187]
 [-0.00913521554]
 [-0.0178842]
 [-0.0169034116]
 [-0.0168307051]
 [-0.00692964811]
 [-0.0178660434]
 [-0.020258408]
 [-0.0130628394]
 [-0.0175631568]
 [-0.00870926492]
 [-0.0168305077]
 [-0.0159707181]
 [-0.0162444282]
 [-0.019103989]
 [-0.0195418112]
 [-0.0285673]
 [-0.023746701]
 [-0.0185386203]
 [-0.0215421822]
 [-0.0157043915]
 [-0.0241755489]
 [-0.0113407345]
 [-0.0160654727]
 [-0.0465595238]
 [-0.0273524579]
 [-0.0127717974]
 [-0.0154433493]
 [-0.00830004644]
 [-0.0190479532]
 [-0.0157458428]
 [-0.0154549209]
 [-0.00695256423]
 [-0.0142247174]
 [-0.0331703573]
 [-0.0132156406]
 [-0.0108343922]
 [-0.00797275454]
 [-0.00972905289]
 [-0.0110501479]
 [-0.0126699219]
 [-0.0151120732]
 [-0.0153674195]
 [-0.00810479559]]], [[[-0.0191257689]
 [-0.0162418503]
 [-0.00398177281]
 [-0.0172187183]
 [-0.0711346716]
 [-0.0581540577]
 [-0.0190338809]
 [-0.00778026599]
 [-0.0126705356]
 [-0.0176076703]
 [-0.0170149468]
 [-0.00539819663]
 [-0.00835637376]
 [-0.0226513222]
 [-0.020397611]
 [-0.0186980609]
 [-0.0121692745]
 [-0.0116898511]
 [-0.0156998318]
 [-0.00495348219]
 [-0.0178345647]
 [-0.0112332655]
 [-0.0764475092]
 [-0.0114288684]
 [-0.0250251535]
 [-0.00892841723]
 [-0.00470767543]
 [-0.00997233577]
 [-0.022982778]
 [-0.0596903935]
 [-0.0232939906]
 [-0.0277025085]
 [-0.0283257533]
 [-0.0210210141]
 [-0.0171829481]
 [-0.012603363]
 [-0.0077805589]
 [-0.0100690685]
 [-0.0114995623]
 [-0.0255037919]
 [-0.00605161674]
 [-0.00491987215]
 [-0.0117340377]
 [-0.0264638737]
 [-0.00693909]
 [-0.0200263839]
 [-0.0374283269]
 [-0.0150818443]
 [-0.0153070167]
 [-0.0118627641]
 [-0.0136191975]
 [-0.0152952559]
 [-0.00660171499]
 [-0.0162204523]
 [-0.0464322865]
 [-0.0175507292]
 [-0.00994735584]
 [-0.0140036587]
 [-0.0136619378]
 [-0.00759312324]
 [-0.0291422121]
 [-0.016867213]
 [-0.0121131651]
 [-0.0261552092]
 [-0.0329628363]
 [-0.0146494564]
 [-0.0134420274]
 [-0.00918067]
 [-0.0094710812]
 [-0.0128256222]
 [-0.0138598559]
 [-0.024464231]
 [-0.0177926011]
 [-0.0206248332]
 [-0.0142027978]
 [-0.0733451098]
 [-0.0165308192]
 [-0.0224175267]
 [-0.0129502658]
 [-0.0290740486]
 [-0.0122613907]
 [-0.0162353]
 [-0.131013274]
 [-0.024018541]
 [-0.010648232]
 [-0.0118010696]
 [-0.0151421335]
 [-0.0203541853]
 [-0.0123393098]
 [-0.0132042905]
 [-0.0297326427]
 [-0.0147523331]
 [-0.0210669953]
 [-0.0108197359]
 [-0.0121581629]
 [-0.00831440557]
 [-0.0196010806]
 [-0.0189820789]
 [-0.0168797057]
 [-0.0429265127]
 [-0.00952377729]
 [-0.0252867937]
 [-0.0118415169]
 [-0.0130581]
 [-0.017709773]
 [-0.0118903229]
 [-0.0160278864]
 [-0.00917407591]
 [-0.0133408057]
 [-0.0116456626]
 [-0.0106435232]
 [-0.016479142]
 [-0.015703477]
 [-0.00835370086]
 [-0.0355008058]
 [-0.0134313544]
 [-0.0252960585]
 [-0.016850356]
 [-0.0562313758]
 [-0.0157276336]
 [-0.0143828848]
 [-0.0282030161]
 [-0.027887065]
 [-0.0193829555]
 [-0.0160772521]
 [-0.020730285]
 [-0.0203726813]
 [-0.0211764202]
 [-0.0209059473]
 [-0.0148629071]
 [-0.0150234401]
 [-0.0173978787]
 [-0.0161042195]
 [-0.0681405813]
 [-0.00442338781]
 [-0.0135828517]
 [-0.00735388137]
 [-0.0160226505]
 [-0.0128284022]
 [-0.0129482271]
 [-0.0553492829]
 [-0.0100116562]
 [-0.0163260922]
 [-0.00813761]
 [-0.0115262736]
 [-0.0152445529]
 [-0.0221926253]
 [-0.0106549077]
 [-0.00748729473]
 [-0.0229094196]
 [-0.0154303228]
 [-0.0435247049]
 [-0.0158540066]
 [-0.00647011865]
 [-0.0071760253]
 [-0.00738999201]
 [-0.00385135179]
 [-0.00924286805]
 [-0.0177271534]
 [-0.0140486201]
 [-0.0102122901]
 [-0.021578012]
 [-0.0106899021]
 [-0.0254655704]
 [-0.0244070832]
 [-0.0143303992]
 [-0.0957120359]
 [-0.0119035458]
 [-0.0142773939]
 [-0.0196497664]
 [-0.0156395379]
 [-0.0155058475]
 [-0.00461806636]
 [-0.0142311845]
 [-0.0084455125]
 [-0.00894061476]
 [-0.0168042015]
 [-0.00922479]
 [-0.0131540867]
 [-0.00646803575]
 [-0.022964621]
 [-0.012890487]
 [-0.0106380582]
 [-0.0162528269]
 [-0.0225608721]
 [-0.019057285]
 [-0.00416845502]
 [-0.0255976636]
 [-0.0141753759]
 [-0.00692029111]
 [-0.00920824893]
 [-0.039587494]
 [-0.00770827]
 [-0.0220229011]
 [-0.0217764]
 [-0.0220883433]
 [-0.0155626154]
 [-0.00960464682]
 [-0.0756583959]
 [-0.00775087113]
 [-0.0194163658]
 [-0.0139040565]
 [-0.014958919]
 [-0.00779105537]
 [-0.0246985201]
 [-0.0144595029]
 [-0.00863667391]
 [-0.0194527395]
 [-0.00879749283]
 [-0.0174385663]
 [-0.0123735834]
 [-0.0171817485]
 [-0.0140974615]
 [-0.0129777119]
 [-0.0156582836]
 [-0.0300103407]
 [-0.0142160328]
 [-0.0152416686]
 [-0.0151054356]
 [-0.0138035212]
 [-0.00798574649]
 [-0.0144146923]
 [-0.0170193966]
 [-0.0160372034]
 [-0.0176972989]
 [-0.00323899393]
 [-0.0159572065]
 [-0.0213940237]
 [-0.0186878536]
 [-0.019109685]
 [-0.0146168079]
 [-0.12329416]
 [-0.0170277543]
 [-0.0621752888]
 [-0.0201499946]
 [-0.00724558951]
 [-0.0186842717]
 [-0.00737977168]
 [-0.0133836819]
 [-0.0292599108]
 [-0.0217017122]
 [-0.00722332345]
 [-0.0254246369]
 [-0.0105630187]
 [-0.01696424]
 [-0.0181411859]
 [-0.0447536558]
 [-0.0185522754]
 [-0.0103460811]
 [-0.0132371401]
 [-0.00931508094]
 [-0.00578478]
 [-0.0119193168]
 [-0.026846271]
 [-0.0228565559]
 [-0.05965]
 [-0.0321711078]
 [-0.0030947011]
 [-0.0134126786]
 [-0.007556]
 [-0.0245575961]
 [-0.0277310181]
 [-0.0191593748]
 [-0.012542801]
 [-0.0107836938]
 [-0.0273513943]
 [-0.0217644852]
 [-0.0177629702]
 [-0.00956374221]
 [-0.0267841332]
 [-0.0155265974]
 [-0.0114477137]
 [-0.0106421709]
 [-0.0143069439]
 [-0.021097431]
 [-0.00786098093]
 [-0.0139722871]
 [-0.0290470459]
 [-0.0166951269]
 [-0.015442919]
 [-0.0157038812]
 [-0.014549464]
 [-0.0449011661]
 [-0.0132487165]
 [-0.0148467347]
 [-0.0178255215]
 [-0.0133407032]
 [-0.0113216816]
 [-0.0126395198]
 [-0.0118722236]
 [-0.00531278085]
 [-0.0188540779]
 [-0.00997321215]
 [-0.0229319055]
 [-0.0172838587]
 [-0.0157098062]
 [-0.00851405598]
 [-0.011294229]
 [-0.012097504]
 [-0.0145235602]
 [-0.0073201512]
 [-0.0223580766]
 [-0.0287542231]
 [-0.0131866559]
 [-0.0348394401]
 [-0.0168492422]
 [-0.0361361876]
 [-0.0170071479]
 [-0.00548193]
 [-0.015157328]
 [-0.0146923801]
 [-0.0283619016]
 [-0.0124713043]
 [-0.0205337349]
 [-0.0342790373]
 [-0.010331993]
 [-0.0181247219]
 [-0.0355202071]
 [-0.00931166764]
 [-0.00912552141]
 [-0.00780163938]
 [-0.00915316865]
 [-0.0127554163]
 [-0.0102924835]
 [-0.00241473946]
 [-0.0182520822]
 [-0.0204155501]
 [-0.0116957184]
 [-0.0106581058]
 [-0.0143190315]
 [-0.0266872495]
 [-0.0514222]
 [-0.0109305521]
 [-0.0228069834]
 [-0.00628915662]
 [-0.0229043681]
 [-0.0167691689]
 [-0.00954926107]
 [-0.00976035465]
 [-0.00944334548]
 [-0.0187788978]
 [-0.0175973158]
 [-0.00893935189]
 [-0.00623637484]
 [-0.0137174074]
 [-0.0129164625]
 [-0.0193458088]
 [-0.0166402049]
 [-0.0134818964]
 [-0.0236165691]
 [-0.018554341]
 [-0.00694822893]
 [-0.0102916695]
 [-0.0222365316]
 [-0.0169855691]
 [-0.0180882066]
 [-0.0144537808]
 [-0.0151705695]
 [-0.0273341425]
 [-0.0156271197]
 [-0.0131779099]
 [-0.0142025221]
 [-0.0101357391]
 [-0.0083821388]
 [-0.00536635891]
 [-0.0353555307]
 [-0.0695981532]
 [-0.078981705]
 [-0.0128413728]
 [-0.0115386974]
 [-0.00869490299]
 [-0.0304863136]
 [-0.0170856044]
 [-0.0144440401]
 [-0.022892924]
 [-0.0238493774]
 [-0.0083409138]
 [-0.0143319145]
 [-0.0108619891]
 [-0.00918495096]
 [-0.0398333631]
 [-0.0171439033]
 [-0.0103935031]
 [-0.0214649979]
 [-0.0159500949]
 [-0.0118015502]
 [-0.0118644759]
 [-0.0190995261]
 [-0.0183695201]
 [-0.0124006839]
 [-0.0167222]
 [-0.0117027164]
 [-0.0151111865]
 [-0.00813741889]
 [-0.00925363]
 [-0.0115176728]
 [-0.0172122624]
 [-0.00953459]
 [-0.0191790611]
 [-0.00820230879]
 [-0.0157145914]
 [-0.013815417]
 [-0.016344]
 [-0.0175341927]
 [-0.00623552268]
 [-0.069293119]
 [-0.0147759952]
 [-0.100576706]
 [-0.0101213865]
 [-0.00939371064]
 [-0.01194782]
 [-0.0148498379]
 [-0.0173692163]
 [-0.0121160373]
 [-0.02182246]
 [-0.00989777781]
 [-0.0202700216]
 [-0.0116399042]
 [-0.0202872474]
 [-0.017930923]
 [-0.0112665724]
 [-0.00387264905]
 [-0.0110207358]
 [-0.00921277143]
 [-0.0192017052]
 [-0.00904237945]
 [-0.0198759828]
 [-0.0402797237]
 [-0.0131685231]
 [-0.0085383]
 [-0.143452257]
 [-0.00907714292]
 [-0.0233774781]
 [-0.00847316068]
 [-0.020191431]
 [-0.0145529648]
 [-0.00824351422]
 [-0.00416458305]
 [-0.0196105279]
 [-0.0130599905]
 [-0.0134188356]
 [-0.00654879]
 [-0.0544545837]
 [-0.0223342106]
 [-0.0117069613]
 [-0.00562698208]
 [-0.00926248915]
 [-0.011749289]
 [-0.00873355754]
 [-0.0124121821]
 [-0.0174837131]
 [-0.0170640144]
 [-0.0124131348]
 [-0.0295553301]
 [-0.0104714064]
 [-0.0175482854]
 [-0.0405995399]
 [-0.0115558151]
 [-0.011314027]
 [-0.016411338]
 [-0.0107347779]
 [-0.00841649808]
 [-0.00813411642]
 [-0.0194520857]
 [-0.0102776634]
 [-0.00688922033]
 [-0.00764704356]
 [-0.0330874138]
 [-0.0122229187]
 [-0.00913521554]
 [-0.0178842]
 [-0.0169034116]
 [-0.0168307051]
 [-0.00692964811]
 [-0.0178660434]
 [-0.020258408]
 [-0.0130628394]
 [-0.0175631568]
 [-0.00870926492]
 [-0.0168305077]
 [-0.0159707181]
 [-0.0162444282]
 [-0.019103989]
 [-0.0195418112]
 [-0.0285673]
 [-0.023746701]
 [-0.0185386203]
 [-0.0215421822]
 [-0.0157043915]
 [-0.0241755489]
 [-0.0113407345]
 [-0.0160654727]
 [-0.0465595238]
 [-0.0273524579]
 [-0.0127717974]
 [-0.0154433493]
 [-0.00830004644]
 [-0.0190479532]
 [-0.0157458428]
 [-0.0154549209]
 [-0.00695256423]
 [-0.0142247174]
 [-0.0331703573]
 [-0.0132156406]
 [-0.0108343922]
 [-0.00797275454]
 [-0.00972905289]
 [-0.0110501479]
 [-0.0126699219]
 [-0.0151120732]
 [-0.0153674195]
 [-0.00810479559]]]], '///')
([[[[0.16987969]
 [0.141487181]
 [0.173052862]
 [0.137444094]
 [0.148066193]
 [0.145388603]
 [0.168395]
 [0.172412619]
 [0.131074697]
 [0.215944543]
 [0.173874125]
 [0.168959528]
 [0.172189787]
 [0.165967882]
 [0.155142114]
 [0.149384096]
 [0.153055489]
 [0.189058572]
 [0.160135016]
 [0.15799503]
 [0.187725484]
 [0.159187615]
 [0.151856765]
 [0.156944275]
 [0.164533347]
 [0.173211187]
 [0.133690849]
 [0.140861362]
 [0.160986856]
 [0.147087812]
 [0.137542114]
 [0.16223228]
 [0.182525977]
 [0.170975164]
 [0.160875663]
 [0.139956698]
 [0.179942816]
 [0.171587288]
 [0.184713826]
 [0.140260547]
 [0.159710914]
 [0.171150222]
 [0.204079971]
 [0.159068868]
 [0.167343944]
 [0.175500661]
 [0.142614484]
 [0.139301]
 [0.171913415]
 [0.14004603]
 [0.159162864]
 [0.158851802]
 [0.157680735]
 [0.172809601]
 [0.15051946]
 [0.166745037]
 [0.144762978]
 [0.148901284]
 [0.144717872]
 [0.145297244]
 [0.153381303]
 [0.174923167]
 [0.15122956]
 [0.164045557]
 [0.152289957]
 [0.179591224]
 [0.158937275]
 [0.163052514]
 [0.149559289]
 [0.223941714]
 [0.195887625]
 [0.145725399]
 [0.186698183]
 [0.149992868]
 [0.207949519]
 [0.153038114]
 [0.159651518]
 [0.168446049]
 [0.187606335]
 [0.1686261]
 [0.145419404]
 [0.157170564]
 [0.204043046]
 [0.228856429]
 [0.18935509]
 [0.154036701]
 [0.161464766]
 [0.143521532]
 [0.202443302]
 [0.133951619]
 [0.16393888]
 [0.172120586]
 [0.164905161]
 [0.137804896]
 [0.156907752]
 [0.222237051]
 [0.162309423]
 [0.143396199]
 [0.159074083]
 [0.18808414]
 [0.164424852]
 [0.167116702]
 [0.160062641]
 [0.194602624]
 [0.198837131]
 [0.154946372]
 [0.157387614]
 [0.146714464]
 [0.175306246]
 [0.156170428]
 [0.149068445]
 [0.153020605]
 [0.145582691]
 [0.202784494]
 [0.143091738]
 [0.120321251]
 [0.1403846]
 [0.171590656]
 [0.144744143]
 [0.208816707]
 [0.17855829]
 [0.219525412]
 [0.175408512]
 [0.146167949]
 [0.151819438]
 [0.202240527]
 [0.206531599]
 [0.150263637]
 [0.169642106]
 [0.188941807]
 [0.185266495]
 [0.151645]
 [0.164298624]
 [0.153751552]
 [0.160444543]
 [0.157064795]
 [0.151938722]
 [0.139215186]
 [0.182597101]
 [0.16802904]
 [0.201477244]
 [0.166639179]
 [0.142406508]
 [0.21136114]
 [0.149271846]
 [0.157705352]
 [0.145516619]
 [0.184172094]
 [0.154412612]
 [0.162900716]
 [0.152500838]
 [0.164050147]
 [0.203028023]
 [0.177074924]
 [0.176696733]
 [0.149537101]
 [0.148578078]
 [0.176296115]
 [0.198617339]
 [0.152681977]
 [0.183471262]
 [0.138842091]
 [0.231463313]
 [0.133009419]
 [0.136167452]
 [0.208557665]
 [0.193195686]
 [0.228141248]
 [0.140436068]
 [0.16903463]
 [0.156888768]
 [0.202040717]
 [0.197280869]
 [0.153909653]
 [0.161748871]
 [0.137508646]
 [0.166225582]
 [0.167231545]
 [0.138541415]
 [0.160217941]
 [0.176103175]
 [0.233113781]
 [0.154821768]
 [0.141955167]
 [0.148744464]
 [0.146275774]
 [0.148173034]
 [0.209011883]
 [0.14594388]
 [0.122246377]
 [0.205595]
 [0.15583545]
 [0.158267915]
 [0.160073638]
 [0.176048279]
 [0.135046884]
 [0.196728438]
 [0.17371048]
 [0.159671798]
 [0.144503877]
 [0.151074082]
 [0.13670966]
 [0.157344595]
 [0.155689761]
 [0.195895255]
 [0.164787024]
 [0.150313511]
 [0.15064235]
 [0.154967636]
 [0.167937815]
 [0.166649938]
 [0.194754824]
 [0.149325445]
 [0.137027174]
 [0.161805987]
 [0.152725875]
 [0.153975084]
 [0.139120042]
 [0.189625621]
 [0.180544093]
 [0.189471647]
 [0.17329374]
 [0.146643415]
 [0.164196029]
 [0.147749811]
 [0.166996807]
 [0.186001658]
 [0.148587063]
 [0.164084136]
 [0.147270501]
 [0.14742893]
 [0.137950644]
 [0.157428145]
 [0.163302347]
 [0.162082747]
 [0.170449182]
 [0.160158113]
 [0.151202083]
 [0.148974285]
 [0.150654405]
 [0.152012035]
 [0.169172019]
 [0.145893216]
 [0.153208539]
 [0.155046374]
 [0.156431228]
 [0.156740382]
 [0.172892556]
 [0.139268279]
 [0.163967043]
 [0.1697018]
 [0.146380752]
 [0.214441165]
 [0.23901619]
 [0.16426374]
 [0.162016854]
 [0.189967826]
 [0.180992126]
 [0.242901847]
 [0.145464197]
 [0.151600465]
 [0.167226925]
 [0.163990632]
 [0.185745507]
 [0.226426065]
 [0.167269722]
 [0.196780249]
 [0.160220876]
 [0.163012356]
 [0.176929429]
 [0.14709276]
 [0.143288597]
 [0.14068456]
 [0.133848861]
 [0.152071863]
 [0.160490379]
 [0.155953586]
 [0.13901113]
 [0.165183634]
 [0.1315694]
 [0.158948451]
 [0.172418922]
 [0.148015618]
 [0.151698038]
 [0.16039066]
 [0.174121514]
 [0.140655696]
 [0.154380351]
 [0.159625918]
 [0.14215304]
 [0.158908203]
 [0.190189481]
 [0.145710871]
 [0.157812044]
 [0.17727749]
 [0.134970263]
 [0.156833291]
 [0.176922187]
 [0.168573081]
 [0.22356832]
 [0.18939732]
 [0.162463605]
 [0.176839]
 [0.168625101]
 [0.146935627]
 [0.233758658]
 [0.195282638]
 [0.164856628]
 [0.149985433]
 [0.153325379]
 [0.15729259]
 [0.152268112]
 [0.175974861]
 [0.149826542]
 [0.1412227]
 [0.152193964]
 [0.151725501]
 [0.165848061]
 [0.19536677]
 [0.168386191]
 [0.15652591]
 [0.152651846]
 [0.168006852]
 [0.193842679]
 [0.153255895]
 [0.140262052]
 [0.172355428]
 [0.200641677]
 [0.190883428]
 [0.144097179]
 [0.1426173]
 [0.143199772]
 [0.134453952]
 [0.161450908]
 [0.157675222]
 [0.159937516]
 [0.172737345]
 [0.123196773]
 [0.173661187]
 [0.145674318]
 [0.230514824]
 [0.147020593]
 [0.241091803]
 [0.213418841]
 [0.142383084]
 [0.153142363]
 [0.165468708]
 [0.159788311]
 [0.158725381]
 [0.176508769]
 [0.161774144]
 [0.239080176]
 [0.152476028]
 [0.25663358]
 [0.169568554]
 [0.147827417]
 [0.209503517]
 [0.153347343]
 [0.151854604]
 [0.16068393]
 [0.138887957]
 [0.205829203]
 [0.147353575]
 [0.207340896]
 [0.212962687]
 [0.161264345]
 [0.15642345]
 [0.152499855]
 [0.153463185]
 [0.146288097]
 [0.194191396]
 [0.166824669]
 [0.122435391]
 [0.165652]
 [0.132058263]
 [0.155748829]
 [0.165481478]
 [0.137834683]
 [0.171537176]
 [0.170173079]
 [0.152960122]
 [0.164199963]
 [0.149802685]
 [0.167223334]
 [0.142057762]
 [0.213768572]
 [0.16960378]]], [[[-0.0369304977]
 [-0.0107324431]
 [-0.00914865732]
 [-0.0107272835]
 [-0.0233887713]
 [-0.00501981657]
 [-0.0220327713]
 [-0.0231872126]
 [-0.013304431]
 [-0.0204802267]
 [-0.0338522494]
 [-0.0233963281]
 [-0.0167042892]
 [-0.0169357732]
 [-0.0184072684]
 [-0.00950736366]
 [-0.0284000691]
 [-0.0180863161]
 [-0.0377874896]
 [-0.0230169799]
 [-0.0221387856]
 [-0.0246285517]
 [-0.00972480793]
 [-0.0102632307]
 [-0.045737572]
 [-0.0310888812]
 [-0.0164303519]
 [-0.0145434774]
 [-0.0138259623]
 [-0.0233298093]
 [-0.00971919391]
 [-0.0288925543]
 [-0.0203705356]
 [-0.049260769]
 [-0.0138969729]
 [-0.0125172352]
 [-0.0280693658]
 [-0.032948181]
 [-0.0219498817]
 [-0.00050005794]
 [-0.0205754749]
 [-0.0107385684]
 [-0.107410543]
 [-0.0180242378]
 [-0.0169699732]
 [-0.0154682687]
 [-0.00915962458]
 [-0.0282403231]
 [-0.0178194493]
 [-0.00726270117]
 [-0.0198590495]
 [-0.0291651543]
 [-0.0238827039]
 [-0.0341024883]
 [-0.0179640763]
 [-0.023992775]
 [-0.0166731831]
 [-0.0166126266]
 [-0.0304115303]
 [-0.0146584753]
 [-0.0136881797]
 [-0.0139281079]
 [-0.0108131263]
 [-0.0171416812]
 [-0.0155822029]
 [-0.0369791128]
 [-0.0331250392]
 [-0.0285888575]
 [-0.0226794127]
 [-0.0301118325]
 [-0.0261598658]
 [-0.0172391478]
 [-0.019088963]
 [-0.0128256753]
 [-0.107873842]
 [-0.0295454022]
 [-0.0240611117]
 [-0.0272003561]
 [-0.012100148]
 [-0.0394549929]
 [-0.0164923444]
 [-0.00712427869]
 [-0.0935758203]
 [-0.0174051989]
 [-0.0366615281]
 [-0.0223459527]
 [-0.0231149383]
 [-0.0103681376]
 [-0.0224302635]
 [-0.0291119236]
 [-0.0214865487]
 [-0.0362865]
 [-0.0314113125]
 [-0.0139043843]
 [-0.0192041621]
 [-0.0234378129]
 [-0.0162023827]
 [-0.0208842438]
 [-0.0247753579]
 [-0.0238209106]
 [-0.0100083705]
 [-0.0291668288]
 [-0.0200611297]
 [-0.0161847658]
 [-0.0896539465]
 [-0.0197080187]
 [-0.013272047]
 [-0.0120870117]
 [-0.0289675519]
 [-0.0117852259]
 [-0.0132983169]
 [-0.0245416258]
 [-0.0194381364]
 [-0.0255071353]
 [-0.0109929899]
 [-0.0373268798]
 [-0.0214360412]
 [-0.0218007397]
 [-0.0129096853]
 [-0.145331576]
 [-0.0618506335]
 [-0.0269375686]
 [-0.0250203609]
 [-0.0211358815]
 [-0.0332148038]
 [-0.108512394]
 [-0.155450284]
 [-0.0162340458]
 [-0.0306728426]
 [-0.019827662]
 [-0.0570096858]
 [-0.00964850374]
 [-0.0248404033]
 [-0.0158350505]
 [-0.0186913423]
 [-0.0187378041]
 [-0.0105146952]
 [-0.0047653364]
 [-0.0554156527]
 [-0.0196328405]
 [-0.0709596649]
 [-0.029169593]
 [-0.0116529623]
 [-0.0253705736]
 [-0.0163765401]
 [-0.0201815888]
 [-0.0321495607]
 [-0.015016594]
 [-0.0190812796]
 [-0.0240796544]
 [-0.0208401922]
 [-0.0295808725]
 [-0.0982284173]
 [-0.028564984]
 [-0.0443484634]
 [-0.0160084534]
 [-0.0223042965]
 [-0.0250324626]
 [-0.0151667409]
 [-0.0310654212]
 [-0.0248769708]
 [-0.0188206527]
 [-0.0375103056]
 [-0.0115546761]
 [-0.00843269]
 [-0.0148721198]
 [-0.0231893584]
 [-0.0249644]
 [-0.0125313271]
 [-0.0224818364]
 [-0.0170643162]
 [-0.0285720937]
 [-0.015009732]
 [-0.00428880518]
 [-0.0279921014]
 [-0.0139074419]
 [-0.0107018435]
 [-0.0465703197]
 [-0.00843576714]
 [-0.021234775]
 [-0.028178053]
 [-0.0329356715]
 [-0.0199504979]
 [-0.0138142193]
 [-0.0219245888]
 [-0.0202972461]
 [-0.0174985789]
 [-0.0217722841]
 [-0.01258724]
 [-0.01506525]
 [-0.0242582019]
 [-0.0230980441]
 [-0.0155156301]
 [-0.0213652197]
 [-0.0277434811]
 [-0.0262191575]
 [-0.023197284]
 [-0.0388949402]
 [-0.0208559949]
 [-0.00806110259]
 [-0.0195972677]
 [-0.0329571851]
 [-0.0282826684]
 [-0.0252787545]
 [-0.0328053795]
 [-0.0148974471]
 [-0.0167664047]
 [-0.0419853777]
 [-0.0241797753]
 [-0.0145310238]
 [-0.0189576298]
 [-0.0136208842]
 [-0.0155166313]
 [-0.0529111847]
 [-0.0224256143]
 [-0.0176440403]
 [-0.016483983]
 [-0.0200030655]
 [-0.0826881826]
 [-0.0246779379]
 [-0.0257210135]
 [-0.0230631214]
 [-0.00547299627]
 [-0.00565156527]
 [-0.0204684734]
 [-0.016038239]
 [-0.0276914984]
 [-0.0180367865]
 [-0.0367678776]
 [-0.0212875269]
 [-0.00524013024]
 [-0.0122340713]
 [-0.0395691395]
 [-0.0176889803]
 [-0.02406542]
 [-0.0512582287]
 [-0.0171859097]
 [-0.009272689]
 [-0.0221568868]
 [-0.00778017333]
 [-0.0122350454]
 [-0.0352996551]
 [-0.0136100175]
 [-0.0332436524]
 [-0.0290501639]
 [-0.00661489135]
 [-0.01894526]
 [-0.0136680016]
 [-0.0297581702]
 [-0.0147039937]
 [-0.023895286]
 [-0.0293697361]
 [-0.165027738]
 [-0.0385400355]
 [-0.0334413797]
 [-0.0279629]
 [-0.0186335165]
 [-0.006352806]
 [-0.0275969934]
 [-0.0141546912]
 [-0.0101131834]
 [-0.0281150416]
 [-0.0154667282]
 [-0.026111627]
 [-0.0217131916]
 [-0.0305132437]
 [-0.0975173786]
 [-0.0301602129]
 [-0.0129527207]
 [-0.0186701119]
 [-0.0207771417]
 [-0.0213515069]
 [-0.00828362722]
 [-0.00911015272]
 [-0.014022558]
 [-0.0204102285]
 [-0.018704338]
 [-0.0340189449]
 [-0.0344702415]
 [-0.0233783368]
 [-0.0154152298]
 [-0.037197046]
 [-0.0228501931]
 [-0.00860158]
 [-0.0158085115]
 [-0.0271708146]
 [-0.0100948857]
 [-0.0116830096]
 [-0.0146093229]
 [-0.0537984744]
 [-0.021633517]
 [-0.0198376328]
 [-0.0145226447]
 [-0.0487570763]
 [-0.0216321945]
 [-0.0180805959]
 [-0.0130429445]
 [-0.0166421626]
 [-0.0234092288]
 [-0.0271704812]
 [-0.0356047302]
 [-0.0228409152]
 [-0.0254299324]
 [-0.0264630653]
 [-0.00859534834]
 [-0.0321470872]
 [-0.0294086598]
 [-0.010905331]
 [-0.0177632403]
 [-0.0135993278]
 [-0.0212242622]
 [-0.0208468884]
 [-0.0200720876]
 [-0.0220462363]
 [-0.00953618903]
 [-0.0257949922]
 [-0.0201794524]
 [-0.0215739086]
 [-0.0591522679]
 [-0.0333919488]
 [-0.0212978553]
 [-0.0183717087]
 [-0.0137829427]
 [-0.0261733197]
 [-0.0279566385]
 [-0.0160657112]
 [-0.00911690202]
 [-0.0279756878]
 [-0.032317318]
 [-0.0120810317]
 [-0.0187173858]
 [-0.0142947193]
 [-0.00552020781]
 [-0.0215394814]
 [-0.0181457754]
 [-0.0338835306]
 [-0.0307799745]
 [-0.0394540578]
 [-0.0337103494]
 [-0.00459475582]
 [-0.0321772359]
 [-0.0189737938]
 [-0.0287233349]
 [-0.0197904911]
 [-0.0355198756]
 [-0.0163076725]
 [-0.0353387743]
 [-0.028968906]
 [-0.0220892914]
 [-0.0484860651]
 [-0.0208250098]
 [-0.0284172539]
 [-0.0152896689]
 [-0.0451042876]
 [-0.0186256524]
 [-0.0096924426]
 [-0.0350356288]
 [-0.0248028226]
 [-0.0107748983]
 [-0.0117218802]
 [-0.0163479093]
 [-0.0326933675]
 [-0.0176793579]
 [-0.0349196494]
 [-0.0216957517]
 [-0.0241588354]
 [-0.0346440412]
 [-0.0331683718]
 [-0.00927115604]
 [-0.00821991451]
 [-0.0177637]
 [-0.0140099265]
 [-0.0410110392]
 [-0.0237127692]
 [-0.0237262435]
 [-0.0101759471]
 [-0.0127594583]
 [-0.0146922981]
 [-0.0294728447]
 [-0.0176289231]
 [-0.021138262]
 [-0.0336678475]
 [-0.0100033227]
 [-0.0150883105]
 [-0.00501165166]
 [-0.0139760803]
 [-0.0101330532]]], [[[-0.0369304977]
 [-0.0107324431]
 [-0.00914865732]
 [-0.0107272835]
 [-0.0233887713]
 [-0.00501981657]
 [-0.0220327713]
 [-0.0231872126]
 [-0.013304431]
 [-0.0204802267]
 [-0.0338522494]
 [-0.0233963281]
 [-0.0167042892]
 [-0.0169357732]
 [-0.0184072684]
 [-0.00950736366]
 [-0.0284000691]
 [-0.0180863161]
 [-0.0377874896]
 [-0.0230169799]
 [-0.0221387856]
 [-0.0246285517]
 [-0.00972480793]
 [-0.0102632307]
 [-0.045737572]
 [-0.0310888812]
 [-0.0164303519]
 [-0.0145434774]
 [-0.0138259623]
 [-0.0233298093]
 [-0.00971919391]
 [-0.0288925543]
 [-0.0203705356]
 [-0.049260769]
 [-0.0138969729]
 [-0.0125172352]
 [-0.0280693658]
 [-0.032948181]
 [-0.0219498817]
 [-0.00050005794]
 [-0.0205754749]
 [-0.0107385684]
 [-0.107410543]
 [-0.0180242378]
 [-0.0169699732]
 [-0.0154682687]
 [-0.00915962458]
 [-0.0282403231]
 [-0.0178194493]
 [-0.00726270117]
 [-0.0198590495]
 [-0.0291651543]
 [-0.0238827039]
 [-0.0341024883]
 [-0.0179640763]
 [-0.023992775]
 [-0.0166731831]
 [-0.0166126266]
 [-0.0304115303]
 [-0.0146584753]
 [-0.0136881797]
 [-0.0139281079]
 [-0.0108131263]
 [-0.0171416812]
 [-0.0155822029]
 [-0.0369791128]
 [-0.0331250392]
 [-0.0285888575]
 [-0.0226794127]
 [-0.0301118325]
 [-0.0261598658]
 [-0.0172391478]
 [-0.019088963]
 [-0.0128256753]
 [-0.107873842]
 [-0.0295454022]
 [-0.0240611117]
 [-0.0272003561]
 [-0.012100148]
 [-0.0394549929]
 [-0.0164923444]
 [-0.00712427869]
 [-0.0935758203]
 [-0.0174051989]
 [-0.0366615281]
 [-0.0223459527]
 [-0.0231149383]
 [-0.0103681376]
 [-0.0224302635]
 [-0.0291119236]
 [-0.0214865487]
 [-0.0362865]
 [-0.0314113125]
 [-0.0139043843]
 [-0.0192041621]
 [-0.0234378129]
 [-0.0162023827]
 [-0.0208842438]
 [-0.0247753579]
 [-0.0238209106]
 [-0.0100083705]
 [-0.0291668288]
 [-0.0200611297]
 [-0.0161847658]
 [-0.0896539465]
 [-0.0197080187]
 [-0.013272047]
 [-0.0120870117]
 [-0.0289675519]
 [-0.0117852259]
 [-0.0132983169]
 [-0.0245416258]
 [-0.0194381364]
 [-0.0255071353]
 [-0.0109929899]
 [-0.0373268798]
 [-0.0214360412]
 [-0.0218007397]
 [-0.0129096853]
 [-0.145331576]
 [-0.0618506335]
 [-0.0269375686]
 [-0.0250203609]
 [-0.0211358815]
 [-0.0332148038]
 [-0.108512394]
 [-0.155450284]
 [-0.0162340458]
 [-0.0306728426]
 [-0.019827662]
 [-0.0570096858]
 [-0.00964850374]
 [-0.0248404033]
 [-0.0158350505]
 [-0.0186913423]
 [-0.0187378041]
 [-0.0105146952]
 [-0.0047653364]
 [-0.0554156527]
 [-0.0196328405]
 [-0.0709596649]
 [-0.029169593]
 [-0.0116529623]
 [-0.0253705736]
 [-0.0163765401]
 [-0.0201815888]
 [-0.0321495607]
 [-0.015016594]
 [-0.0190812796]
 [-0.0240796544]
 [-0.0208401922]
 [-0.0295808725]
 [-0.0982284173]
 [-0.028564984]
 [-0.0443484634]
 [-0.0160084534]
 [-0.0223042965]
 [-0.0250324626]
 [-0.0151667409]
 [-0.0310654212]
 [-0.0248769708]
 [-0.0188206527]
 [-0.0375103056]
 [-0.0115546761]
 [-0.00843269]
 [-0.0148721198]
 [-0.0231893584]
 [-0.0249644]
 [-0.0125313271]
 [-0.0224818364]
 [-0.0170643162]
 [-0.0285720937]
 [-0.015009732]
 [-0.00428880518]
 [-0.0279921014]
 [-0.0139074419]
 [-0.0107018435]
 [-0.0465703197]
 [-0.00843576714]
 [-0.021234775]
 [-0.028178053]
 [-0.0329356715]
 [-0.0199504979]
 [-0.0138142193]
 [-0.0219245888]
 [-0.0202972461]
 [-0.0174985789]
 [-0.0217722841]
 [-0.01258724]
 [-0.01506525]
 [-0.0242582019]
 [-0.0230980441]
 [-0.0155156301]
 [-0.0213652197]
 [-0.0277434811]
 [-0.0262191575]
 [-0.023197284]
 [-0.0388949402]
 [-0.0208559949]
 [-0.00806110259]
 [-0.0195972677]
 [-0.0329571851]
 [-0.0282826684]
 [-0.0252787545]
 [-0.0328053795]
 [-0.0148974471]
 [-0.0167664047]
 [-0.0419853777]
 [-0.0241797753]
 [-0.0145310238]
 [-0.0189576298]
 [-0.0136208842]
 [-0.0155166313]
 [-0.0529111847]
 [-0.0224256143]
 [-0.0176440403]
 [-0.016483983]
 [-0.0200030655]
 [-0.0826881826]
 [-0.0246779379]
 [-0.0257210135]
 [-0.0230631214]
 [-0.00547299627]
 [-0.00565156527]
 [-0.0204684734]
 [-0.016038239]
 [-0.0276914984]
 [-0.0180367865]
 [-0.0367678776]
 [-0.0212875269]
 [-0.00524013024]
 [-0.0122340713]
 [-0.0395691395]
 [-0.0176889803]
 [-0.02406542]
 [-0.0512582287]
 [-0.0171859097]
 [-0.009272689]
 [-0.0221568868]
 [-0.00778017333]
 [-0.0122350454]
 [-0.0352996551]
 [-0.0136100175]
 [-0.0332436524]
 [-0.0290501639]
 [-0.00661489135]
 [-0.01894526]
 [-0.0136680016]
 [-0.0297581702]
 [-0.0147039937]
 [-0.023895286]
 [-0.0293697361]
 [-0.165027738]
 [-0.0385400355]
 [-0.0334413797]
 [-0.0279629]
 [-0.0186335165]
 [-0.006352806]
 [-0.0275969934]
 [-0.0141546912]
 [-0.0101131834]
 [-0.0281150416]
 [-0.0154667282]
 [-0.026111627]
 [-0.0217131916]
 [-0.0305132437]
 [-0.0975173786]
 [-0.0301602129]
 [-0.0129527207]
 [-0.0186701119]
 [-0.0207771417]
 [-0.0213515069]
 [-0.00828362722]
 [-0.00911015272]
 [-0.014022558]
 [-0.0204102285]
 [-0.018704338]
 [-0.0340189449]
 [-0.0344702415]
 [-0.0233783368]
 [-0.0154152298]
 [-0.037197046]
 [-0.0228501931]
 [-0.00860158]
 [-0.0158085115]
 [-0.0271708146]
 [-0.0100948857]
 [-0.0116830096]
 [-0.0146093229]
 [-0.0537984744]
 [-0.021633517]
 [-0.0198376328]
 [-0.0145226447]
 [-0.0487570763]
 [-0.0216321945]
 [-0.0180805959]
 [-0.0130429445]
 [-0.0166421626]
 [-0.0234092288]
 [-0.0271704812]
 [-0.0356047302]
 [-0.0228409152]
 [-0.0254299324]
 [-0.0264630653]
 [-0.00859534834]
 [-0.0321470872]
 [-0.0294086598]
 [-0.010905331]
 [-0.0177632403]
 [-0.0135993278]
 [-0.0212242622]
 [-0.0208468884]
 [-0.0200720876]
 [-0.0220462363]
 [-0.00953618903]
 [-0.0257949922]
 [-0.0201794524]
 [-0.0215739086]
 [-0.0591522679]
 [-0.0333919488]
 [-0.0212978553]
 [-0.0183717087]
 [-0.0137829427]
 [-0.0261733197]
 [-0.0279566385]
 [-0.0160657112]
 [-0.00911690202]
 [-0.0279756878]
 [-0.032317318]
 [-0.0120810317]
 [-0.0187173858]
 [-0.0142947193]
 [-0.00552020781]
 [-0.0215394814]
 [-0.0181457754]
 [-0.0338835306]
 [-0.0307799745]
 [-0.0394540578]
 [-0.0337103494]
 [-0.00459475582]
 [-0.0321772359]
 [-0.0189737938]
 [-0.0287233349]
 [-0.0197904911]
 [-0.0355198756]
 [-0.0163076725]
 [-0.0353387743]
 [-0.028968906]
 [-0.0220892914]
 [-0.0484860651]
 [-0.0208250098]
 [-0.0284172539]
 [-0.0152896689]
 [-0.0451042876]
 [-0.0186256524]
 [-0.0096924426]
 [-0.0350356288]
 [-0.0248028226]
 [-0.0107748983]
 [-0.0117218802]
 [-0.0163479093]
 [-0.0326933675]
 [-0.0176793579]
 [-0.0349196494]
 [-0.0216957517]
 [-0.0241588354]
 [-0.0346440412]
 [-0.0331683718]
 [-0.00927115604]
 [-0.00821991451]
 [-0.0177637]
 [-0.0140099265]
 [-0.0410110392]
 [-0.0237127692]
 [-0.0237262435]
 [-0.0101759471]
 [-0.0127594583]
 [-0.0146922981]
 [-0.0294728447]
 [-0.0176289231]
 [-0.021138262]
 [-0.0336678475]
 [-0.0100033227]
 [-0.0150883105]
 [-0.00501165166]
 [-0.0139760803]
 [-0.0101330532]]], [[[-0.0369304977]
 [-0.0107324431]
 [-0.00914865732]
 [-0.0107272835]
 [-0.0233887713]
 [-0.00501981657]
 [-0.0220327713]
 [-0.0231872126]
 [-0.013304431]
 [-0.0204802267]
 [-0.0338522494]
 [-0.0233963281]
 [-0.0167042892]
 [-0.0169357732]
 [-0.0184072684]
 [-0.00950736366]
 [-0.0284000691]
 [-0.0180863161]
 [-0.0377874896]
 [-0.0230169799]
 [-0.0221387856]
 [-0.0246285517]
 [-0.00972480793]
 [-0.0102632307]
 [-0.045737572]
 [-0.0310888812]
 [-0.0164303519]
 [-0.0145434774]
 [-0.0138259623]
 [-0.0233298093]
 [-0.00971919391]
 [-0.0288925543]
 [-0.0203705356]
 [-0.049260769]
 [-0.0138969729]
 [-0.0125172352]
 [-0.0280693658]
 [-0.032948181]
 [-0.0219498817]
 [-0.00050005794]
 [-0.0205754749]
 [-0.0107385684]
 [-0.107410543]
 [-0.0180242378]
 [-0.0169699732]
 [-0.0154682687]
 [-0.00915962458]
 [-0.0282403231]
 [-0.0178194493]
 [-0.00726270117]
 [-0.0198590495]
 [-0.0291651543]
 [-0.0238827039]
 [-0.0341024883]
 [-0.0179640763]
 [-0.023992775]
 [-0.0166731831]
 [-0.0166126266]
 [-0.0304115303]
 [-0.0146584753]
 [-0.0136881797]
 [-0.0139281079]
 [-0.0108131263]
 [-0.0171416812]
 [-0.0155822029]
 [-0.0369791128]
 [-0.0331250392]
 [-0.0285888575]
 [-0.0226794127]
 [-0.0301118325]
 [-0.0261598658]
 [-0.0172391478]
 [-0.019088963]
 [-0.0128256753]
 [-0.107873842]
 [-0.0295454022]
 [-0.0240611117]
 [-0.0272003561]
 [-0.012100148]
 [-0.0394549929]
 [-0.0164923444]
 [-0.00712427869]
 [-0.0935758203]
 [-0.0174051989]
 [-0.0366615281]
 [-0.0223459527]
 [-0.0231149383]
 [-0.0103681376]
 [-0.0224302635]
 [-0.0291119236]
 [-0.0214865487]
 [-0.0362865]
 [-0.0314113125]
 [-0.0139043843]
 [-0.0192041621]
 [-0.0234378129]
 [-0.0162023827]
 [-0.0208842438]
 [-0.0247753579]
 [-0.0238209106]
 [-0.0100083705]
 [-0.0291668288]
 [-0.0200611297]
 [-0.0161847658]
 [-0.0896539465]
 [-0.0197080187]
 [-0.013272047]
 [-0.0120870117]
 [-0.0289675519]
 [-0.0117852259]
 [-0.0132983169]
 [-0.0245416258]
 [-0.0194381364]
 [-0.0255071353]
 [-0.0109929899]
 [-0.0373268798]
 [-0.0214360412]
 [-0.0218007397]
 [-0.0129096853]
 [-0.145331576]
 [-0.0618506335]
 [-0.0269375686]
 [-0.0250203609]
 [-0.0211358815]
 [-0.0332148038]
 [-0.108512394]
 [-0.155450284]
 [-0.0162340458]
 [-0.0306728426]
 [-0.019827662]
 [-0.0570096858]
 [-0.00964850374]
 [-0.0248404033]
 [-0.0158350505]
 [-0.0186913423]
 [-0.0187378041]
 [-0.0105146952]
 [-0.0047653364]
 [-0.0554156527]
 [-0.0196328405]
 [-0.0709596649]
 [-0.029169593]
 [-0.0116529623]
 [-0.0253705736]
 [-0.0163765401]
 [-0.0201815888]
 [-0.0321495607]
 [-0.015016594]
 [-0.0190812796]
 [-0.0240796544]
 [-0.0208401922]
 [-0.0295808725]
 [-0.0982284173]
 [-0.028564984]
 [-0.0443484634]
 [-0.0160084534]
 [-0.0223042965]
 [-0.0250324626]
 [-0.0151667409]
 [-0.0310654212]
 [-0.0248769708]
 [-0.0188206527]
 [-0.0375103056]
 [-0.0115546761]
 [-0.00843269]
 [-0.0148721198]
 [-0.0231893584]
 [-0.0249644]
 [-0.0125313271]
 [-0.0224818364]
 [-0.0170643162]
 [-0.0285720937]
 [-0.015009732]
 [-0.00428880518]
 [-0.0279921014]
 [-0.0139074419]
 [-0.0107018435]
 [-0.0465703197]
 [-0.00843576714]
 [-0.021234775]
 [-0.028178053]
 [-0.0329356715]
 [-0.0199504979]
 [-0.0138142193]
 [-0.0219245888]
 [-0.0202972461]
 [-0.0174985789]
 [-0.0217722841]
 [-0.01258724]
 [-0.01506525]
 [-0.0242582019]
 [-0.0230980441]
 [-0.0155156301]
 [-0.0213652197]
 [-0.0277434811]
 [-0.0262191575]
 [-0.023197284]
 [-0.0388949402]
 [-0.0208559949]
 [-0.00806110259]
 [-0.0195972677]
 [-0.0329571851]
 [-0.0282826684]
 [-0.0252787545]
 [-0.0328053795]
 [-0.0148974471]
 [-0.0167664047]
 [-0.0419853777]
 [-0.0241797753]
 [-0.0145310238]
 [-0.0189576298]
 [-0.0136208842]
 [-0.0155166313]
 [-0.0529111847]
 [-0.0224256143]
 [-0.0176440403]
 [-0.016483983]
 [-0.0200030655]
 [-0.0826881826]
 [-0.0246779379]
 [-0.0257210135]
 [-0.0230631214]
 [-0.00547299627]
 [-0.00565156527]
 [-0.0204684734]
 [-0.016038239]
 [-0.0276914984]
 [-0.0180367865]
 [-0.0367678776]
 [-0.0212875269]
 [-0.00524013024]
 [-0.0122340713]
 [-0.0395691395]
 [-0.0176889803]
 [-0.02406542]
 [-0.0512582287]
 [-0.0171859097]
 [-0.009272689]
 [-0.0221568868]
 [-0.00778017333]
 [-0.0122350454]
 [-0.0352996551]
 [-0.0136100175]
 [-0.0332436524]
 [-0.0290501639]
 [-0.00661489135]
 [-0.01894526]
 [-0.0136680016]
 [-0.0297581702]
 [-0.0147039937]
 [-0.023895286]
 [-0.0293697361]
 [-0.165027738]
 [-0.0385400355]
 [-0.0334413797]
 [-0.0279629]
 [-0.0186335165]
 [-0.006352806]
 [-0.0275969934]
 [-0.0141546912]
 [-0.0101131834]
 [-0.0281150416]
 [-0.0154667282]
 [-0.026111627]
 [-0.0217131916]
 [-0.0305132437]
 [-0.0975173786]
 [-0.0301602129]
 [-0.0129527207]
 [-0.0186701119]
 [-0.0207771417]
 [-0.0213515069]
 [-0.00828362722]
 [-0.00911015272]
 [-0.014022558]
 [-0.0204102285]
 [-0.018704338]
 [-0.0340189449]
 [-0.0344702415]
 [-0.0233783368]
 [-0.0154152298]
 [-0.037197046]
 [-0.0228501931]
 [-0.00860158]
 [-0.0158085115]
 [-0.0271708146]
 [-0.0100948857]
 [-0.0116830096]
 [-0.0146093229]
 [-0.0537984744]
 [-0.021633517]
 [-0.0198376328]
 [-0.0145226447]
 [-0.0487570763]
 [-0.0216321945]
 [-0.0180805959]
 [-0.0130429445]
 [-0.0166421626]
 [-0.0234092288]
 [-0.0271704812]
 [-0.0356047302]
 [-0.0228409152]
 [-0.0254299324]
 [-0.0264630653]
 [-0.00859534834]
 [-0.0321470872]
 [-0.0294086598]
 [-0.010905331]
 [-0.0177632403]
 [-0.0135993278]
 [-0.0212242622]
 [-0.0208468884]
 [-0.0200720876]
 [-0.0220462363]
 [-0.00953618903]
 [-0.0257949922]
 [-0.0201794524]
 [-0.0215739086]
 [-0.0591522679]
 [-0.0333919488]
 [-0.0212978553]
 [-0.0183717087]
 [-0.0137829427]
 [-0.0261733197]
 [-0.0279566385]
 [-0.0160657112]
 [-0.00911690202]
 [-0.0279756878]
 [-0.032317318]
 [-0.0120810317]
 [-0.0187173858]
 [-0.0142947193]
 [-0.00552020781]
 [-0.0215394814]
 [-0.0181457754]
 [-0.0338835306]
 [-0.0307799745]
 [-0.0394540578]
 [-0.0337103494]
 [-0.00459475582]
 [-0.0321772359]
 [-0.0189737938]
 [-0.0287233349]
 [-0.0197904911]
 [-0.0355198756]
 [-0.0163076725]
 [-0.0353387743]
 [-0.028968906]
 [-0.0220892914]
 [-0.0484860651]
 [-0.0208250098]
 [-0.0284172539]
 [-0.0152896689]
 [-0.0451042876]
 [-0.0186256524]
 [-0.0096924426]
 [-0.0350356288]
 [-0.0248028226]
 [-0.0107748983]
 [-0.0117218802]
 [-0.0163479093]
 [-0.0326933675]
 [-0.0176793579]
 [-0.0349196494]
 [-0.0216957517]
 [-0.0241588354]
 [-0.0346440412]
 [-0.0331683718]
 [-0.00927115604]
 [-0.00821991451]
 [-0.0177637]
 [-0.0140099265]
 [-0.0410110392]
 [-0.0237127692]
 [-0.0237262435]
 [-0.0101759471]
 [-0.0127594583]
 [-0.0146922981]
 [-0.0294728447]
 [-0.0176289231]
 [-0.021138262]
 [-0.0336678475]
 [-0.0100033227]
 [-0.0150883105]
 [-0.00501165166]
 [-0.0139760803]
 [-0.0101330532]]]], '///')
